"","fin","krl","olo","vep","ekk","liv","sma","smj","sme","smn","sms","sjd","mrj","mhr","mdf","myv","udm","koi","kpv","hun","kca","mns","sel","yrk","enf","nio","ben","hin","pbu","pes","kmr","oss","hye","ell","sqi","bul","hrv","slv","slk","ces","pol","ukr","bel","rus","lit","lav","isl","nor","swe","dan","deu","nld","eng","gle","cym","bre","lat","fra","cat","spa","por","ita","ron","tur","azj","uzn","kaz","bak","tat","sah","chv","khk","bua","xal","evn","mnc","gld","ket","ykg","yux","itl","ckt","niv","ain","kor","jpn","ale","ess","kal","kan","mal","tam","tel","bsk","kat","eus","abk","ady","ava","ddo","lbe","lez","dar","che","arb","heb","cmn"
"fin",0,8.6423659116376,6.68741473550296,3.52332628360357,4.70544665598265,3.0423588264427,-3.50593928238951,-4.85408435470455,-4.38868322933269,-3.93477192473247,-4.22063022017025,-4.00527228539312,-3.55379486324553,-2.93967220471542,-4.24935611583455,-4.42373711564293,-3.834670899744,-5.60411554705889,-5.07025433417605,-4.66316314525978,-6.52387996225021,-6.83275753925047,-5.22211160954481,-7.23133508039976,-6.4069473938453,-4.99636657541829,-7.54422015425109,-7.90756219324736,-7.47083054574267,-8.60906457855168,-8.4620558442879,-8.25565440524931,-8.79442284520757,-9.04052193006038,-8.27837827151343,-7.93710285621785,-8.63916542089739,-8.61558840347576,-8.63099988341177,-9.2800560648175,-9.57542453509223,-8.08694784093028,-9.06200617151479,-9.00976958651647,-9.55980566966583,-9.68356238424232,-9.32832337880081,-8.58108771803769,-8.34815560886056,-8.81731145355697,-7.67873806111967,-7.46494297105914,-8.30214197197918,-7.41704885073241,-7.19495566658933,-9.13016670105812,-9.17430864278182,-8.98224361834429,-9.17915740480559,-10.0460107206408,-8.43713810919411,-9.48992286512022,-9.48584935316265,-8.53007777298443,-8.52458607444816,-8.79430232674412,-8.06357231932223,-7.89572690342795,-7.67448438950362,-7.57873119308179,-8.6364723527638,-7.45688907538153,-7.99971629234544,-8.2414245171409,-9.18447252146147,-9.095140707827,-8.48609099357317,-9.11254681153741,-9.55476431240587,-8.7904575785785,-10.0699745134508,-11.5126247248925,-7.73556692508033,-8.0345729118585,-8.47425623297186,-7.72143251677643,-10.4614642989021,-10.5713474090505,-9.12520683159365,-8.01849437401547,-8.3377881298642,-9.00560233773476,-9.87183200639932,-9.38775675702789,-7.07403074356606,-7.84570547880249,-9.3287319574245,-9.19669606655132,-9.42847964056743,-7.90185801093681,-7.72083069196348,-7.34298146326378,-8.37717659010591,-8.50783279052081,-9.17830944253969,-9.14708307508374,-7.57295963031086
"krl",8.6423659116376,0,7.50496425954447,4.42293158201456,5.84191632835691,3.19348341086124,-2.49998750408638,-4.10613947249693,-3.68498497326581,-3.19722538394648,-3.4223312123936,-3.30739008160556,-3.33816461751755,-2.43994889496437,-4.1649891996563,-4.34872734793869,-4.19647429025127,-5.45118461814497,-5.04420954011816,-4.6810694096506,-6.97121522160912,-7.06114315987382,-5.36214241599245,-6.93438499064261,-6.04034685109323,-5.69686852445981,-7.66837485681509,-7.78566466910604,-7.83256995159043,-9.29176930430079,-8.52202959184262,-8.46682930409162,-8.42933674246961,-9.01324414715276,-8.15859993338027,-7.81593221160476,-8.61393820999947,-8.64389968610713,-8.87840383340612,-9.12877063714383,-9.22276125830068,-8.05145608719998,-8.92035957457599,-9.07989763061293,-9.66036884759356,-9.93303718338107,-9.01158227405434,-8.42535900148553,-8.10641132166602,-8.77405064945704,-7.79105028930279,-7.84298236373576,-8.31351130423319,-7.71137194618536,-7.231863065219,-9.06749987214533,-9.46540239151918,-8.93815626643791,-9.15482107086984,-10.0735664471731,-8.48382038684637,-9.56903295699679,-9.58548370045082,-8.9923801360983,-8.79745277808486,-8.8911494334826,-8.70128652237732,-8.46548383798554,-8.38389051879098,-8.24353708459527,-8.6877739275781,-7.77874629353016,-8.11956977079493,-8.55066211607601,-9.59703634188675,-9.17698213312626,-8.79049597165095,-9.17181667503313,-9.38358361442112,-9.03003752486672,-10.1890835883103,-11.672957213472,-8.08956784884632,-8.21788213031466,-8.6807480965453,-7.91253791155604,-10.635003190889,-10.8223430379025,-9.06716098622972,-8.59162047162896,-8.84665253803961,-9.74075819186088,-10.4459361476328,-9.4971524772401,-6.92465479273034,-8.07592288934968,-9.26670108364195,-9.22455802348854,-9.59960308236796,-8.27289113707583,-8.35444060127608,-7.91205784059644,-8.72197620337254,-8.44423098094977,-9.10666363482087,-8.88124200479407,-8.10253961006194
"olo",6.68741473550296,7.50496425954447,0,5.54836532863841,4.46472011170313,3.03777256841168,-3.5400875946928,-5.22790810821025,-4.43543315725885,-4.06629734996662,-4.21710653032127,-4.72178540844581,-3.95697170807051,-3.44681191338116,-4.99558664273834,-4.84517290799768,-3.7207243788327,-5.59777099294481,-5.29241178968009,-4.64148378116319,-6.63325227227128,-7.33595156308373,-5.36787581698162,-7.37491640247252,-6.44055670268702,-5.3538526562827,-8.34189077964519,-8.50998347849556,-8.50593792311675,-9.43243987957829,-9.21077752219439,-8.90649213616739,-9.18502802683818,-9.51601648515394,-8.12756677376778,-8.35104662266382,-8.5374586867,-8.56487087582259,-9.71619729893825,-9.37568659572982,-9.55726285001292,-8.26949111333246,-9.27068749243039,-8.55325266619693,-9.81424006854109,-10.2635934003278,-9.17195272601569,-8.47754868927462,-8.5158412753751,-8.73064296530863,-8.31832235876192,-8.23862181350353,-8.85594189457432,-7.98421046851245,-7.41067058163246,-9.80234556404494,-9.86438672697227,-9.36871346772736,-9.70995240858711,-10.4019458928388,-8.8069596839118,-9.58672317461172,-9.85802797429555,-9.16437463738675,-8.80947456819908,-9.04168556557993,-8.66123574337028,-8.52561122135126,-8.33483764912165,-8.32741965898707,-9.25278048776861,-8.32394032204097,-9.05881031255968,-9.16474986006877,-10.1498642520527,-9.43533874873461,-9.47447631628241,-9.88502386483373,-9.41357275741966,-9.11783444765863,-9.84098661108844,-11.7056020559616,-8.03804314058468,-8.72080871351225,-8.45653795777649,-7.6185312090603,-10.8915070330644,-10.6246939573476,-9.53733660268697,-8.41864618781024,-9.57092526339671,-9.27270958754677,-9.97101188494577,-10.0764441900604,-7.75368820423586,-8.16122177523516,-9.81366402575389,-9.98065325402487,-9.61699980900317,-8.24597890007781,-8.42799658173338,-7.9097221211472,-8.83827185457807,-9.16667537202453,-9.04404933408133,-9.41492433037934,-7.95320192019409
"vep",3.52332628360357,4.42293158201456,5.54836532863841,0,4.44727554337557,3.01990426115862,-4.30421693479573,-5.55860662831936,-5.11347470476415,-4.2282133154034,-4.19284596575614,-4.0364879318697,-4.19734609621727,-3.57471581750397,-5.05973626506057,-5.36251552996737,-4.00649601829875,-4.81507897436625,-4.56397074006183,-4.12018125943141,-6.59642485639197,-6.75460233108244,-5.68943853263842,-7.35021727606208,-6.80695974689067,-5.60935963231459,-7.90008890671468,-7.99859068280835,-8.27544402632818,-8.62211209442492,-8.34577560467639,-8.34846491720064,-8.08612000779969,-9.46171639884113,-7.32209875649302,-7.80141209780017,-8.20425364641888,-8.07934926924824,-9.42987165955875,-9.38302840222981,-9.07497510092379,-8.34714990742189,-8.73361348858647,-8.75379659252166,-9.67920014773356,-10.1598653860473,-9.3585677078439,-8.58448809129622,-8.33784334366264,-8.80083873785471,-8.12296429693586,-7.50053511601926,-8.4716757564623,-7.84753042535224,-7.68565038589739,-10.4068547974992,-9.43405845814092,-8.98601143788926,-9.33599578787348,-10.1913860415303,-9.23088140196716,-9.9029711280753,-10.1394333971936,-9.20267438838622,-9.02496416384381,-9.23873178555672,-8.22124671225774,-7.82552755478816,-7.60734255569927,-8.03340479485467,-8.81961989063875,-7.87242513503495,-8.62198689162566,-8.88968062180883,-9.72803990821091,-9.43128071852932,-8.94599398496529,-9.39025922466172,-9.74977654026356,-8.58948102962503,-9.29831752057714,-11.8894036980319,-8.66757259002855,-9.10261351381638,-8.49233401558597,-8.80372582407795,-10.4526390214222,-10.7431327503949,-8.83637733917449,-8.63453111984323,-9.47554083113895,-9.79799246864923,-10.675175098491,-9.47730843884363,-8.28249782384846,-8.24473217002422,-9.39981363698841,-8.83957230435358,-9.24725379414091,-8.34275393600843,-8.90322389674308,-7.65653205003698,-9.85656232438101,-8.77355540219534,-9.40023615530204,-8.85658775476129,-8.76680879162554
"ekk",4.70544665598265,5.84191632835691,4.46472011170313,4.44727554337557,0,2.3156544992432,-4.29132801089883,-5.18439198002899,-4.95675401001073,-4.14434992078381,-3.77172491224607,-2.64735326888591,-3.42469670584506,-2.79213309014328,-4.35989620150384,-4.30323979511272,-3.8924824469448,-5.30142417223193,-4.86100292236738,-4.33464182649676,-6.6356077495253,-5.89394511759587,-5.43553462158396,-7.08385811576443,-6.89201016862038,-6.10252783021519,-8.0935077364976,-7.93920347677558,-8.00108869685361,-8.86539882202756,-8.38759890882276,-8.54469403448672,-8.47377772165168,-8.79769488353755,-8.31711129222501,-8.62762706295993,-8.59103342025279,-8.63693536606945,-9.34338206257643,-9.90237865807307,-9.57595046342013,-8.92966727600414,-9.2915944147207,-9.16816178304773,-9.95218697213527,-9.92462526916171,-9.41513957703031,-8.53428023575945,-8.23012827408059,-8.61492229641947,-7.93739632583857,-7.57904924675689,-8.34439786687895,-7.90316250732735,-7.74212419392258,-9.54203133258311,-9.26560941723455,-8.81406757931806,-9.03904580660767,-10.4886100633647,-9.01229916339092,-10.0403991690543,-9.36190015702905,-8.51416395792575,-8.64704746449155,-8.3298609740058,-8.65094952493022,-7.87642515458447,-7.92793367602859,-8.3076981353607,-9.05808885391394,-7.87948682471954,-9.3525464199277,-9.67599356946351,-9.53128918797698,-8.97170821909929,-9.53664165896691,-9.65108442114135,-9.56754369972438,-8.88913350393526,-9.66062332776587,-11.8751711078141,-8.02984927273627,-8.79323196251065,-8.35662127691115,-8.9527840292434,-10.3462638934399,-10.6615288334399,-9.30313998894345,-9.11298395664031,-9.61200775954885,-9.95722688997683,-10.9587905170219,-8.89261135080964,-8.30248449032849,-8.05845898805945,-10.2521540490232,-9.38009004576305,-9.52624980691809,-8.73695039363307,-8.55534258856507,-7.21598381340431,-9.87572621948186,-8.15559500063286,-8.93965708800612,-8.5292965668208,-8.40895166631554
"liv",3.0423588264427,3.19348341086124,3.03777256841168,3.01990426115862,2.3156544992432,0,-3.9905075867598,-4.63971564711351,-4.92617189611563,-4.1122196391366,-3.617095094968,-3.71507757436275,-3.20152102482764,-2.19700140537024,-3.02756615165873,-3.84406498512878,-2.77839794608057,-4.281666813638,-3.74164433666609,-4.2092972268774,-5.34158655785272,-6.64348362706259,-5.34429952784181,-6.5291492232667,-5.71822245131363,-5.25980051357867,-8.56685821591677,-8.54329039556151,-7.01065215101665,-8.95224161220518,-8.04170914592025,-7.12682058494342,-8.04176081980397,-9.9030202783174,-7.69428657345641,-7.83629747765259,-7.69324881665886,-7.84293455083683,-8.56904691760588,-8.96597419056319,-8.54468011212639,-8.35618594512527,-8.0887646014437,-8.12829235932353,-9.60004765512423,-9.83239666748715,-9.06161842692465,-8.0366957872984,-7.50329020005402,-8.02201671034257,-8.34482775393709,-7.66514783774974,-8.40853677019302,-7.28836371279206,-7.29486903932205,-8.76069709836537,-9.84033141623055,-8.81176218891941,-8.77148693694256,-9.88363922567496,-8.56682246193201,-9.58976964607707,-9.86437034944659,-9.03502798353543,-8.98017701766811,-8.33344443988125,-7.96579765088495,-7.45568192815828,-7.01507535719748,-8.16233015319802,-8.60362407166979,-7.64605576753321,-8.17614448173108,-9.2191265850822,-10.041834874257,-9.48674975976828,-9.15978490098182,-8.53848885311755,-9.56187483018006,-8.4190811255048,-9.38036778880144,-11.1235961685818,-7.48624360778654,-9.18328225417575,-8.32430422908006,-7.76603280595831,-9.8283855848895,-10.9650642503845,-10.1540705488076,-8.66723979180603,-9.23574247691999,-9.55618791479959,-11.0680630822201,-9.41158298258249,-8.44513504359902,-8.33109945204065,-9.32949525234321,-8.97811506350481,-9.09899571509191,-8.4205491595187,-8.3827302964081,-7.52414041627804,-9.39470006307915,-7.854911226964,-9.42269082055141,-9.07951186101243,-8.56270581635878
"sma",-3.50593928238951,-2.49998750408638,-3.5400875946928,-4.30421693479573,-4.29132801089883,-3.9905075867598,0,1.38627154498473,1.30079649158656,1.07471828395149,0.589844253310044,-1.03266919151577,-5.44416739515086,-5.75613555404076,-5.41454566576117,-5.89951121231294,-6.65315169508459,-7.17318884644669,-7.20167723681085,-7.03479442005929,-7.86553551004761,-7.79241264601555,-8.15138600777142,-7.36004581030422,-8.37990907315408,-8.55454602591527,-10.1288626449604,-9.68352748826441,-9.19417618111212,-9.67503409472241,-9.66224265180779,-9.80065049323535,-9.64084673330674,-10.1281551248481,-9.47007676493443,-9.58660455237465,-10.3715655875732,-9.74436788146009,-9.32382929112926,-9.46858958367433,-10.163358216378,-10.3496680854613,-9.58948613682501,-10.954746184445,-11.6167377526588,-11.7621087858427,-10.2584674451922,-9.49037750449362,-10.0652681789722,-10.0716865776004,-9.96153396654098,-9.86231279325589,-10.3760529187298,-9.15670146661472,-9.25931563181563,-11.1946617251301,-11.3942933839366,-9.68541326645207,-9.65949844912227,-10.3954595174509,-9.65338726873711,-10.1296797172604,-9.9712825083695,-9.97354981230031,-9.66363854230647,-10.7697334252664,-10.2855591255413,-11.3788357622861,-10.9395523945782,-10.7920029651871,-11.174806471214,-10.4367165742713,-10.0087272122561,-10.3777582174658,-11.0995279915258,-11.2820072658144,-10.9829208077433,-11.0659836724088,-10.5506845192401,-9.392326817084,-11.262308121983,-11.8609670017267,-9.21690558513071,-10.3466806073679,-10.6787703230447,-10.5112476896797,-10.3771053955062,-12.096022420742,-11.3729795094985,-9.12579854330959,-9.68214319005572,-10.316780292221,-11.1075150413643,-10.223137367541,-8.32708805387408,-10.2919170575581,-10.9397277962778,-11.0897216645861,-10.6052590306322,-10.5498185229023,-9.83489927769808,-10.0360179556172,-8.53419531696681,-10.554205728607,-11.1318120169438,-9.58911388979248,-11.3541509289595
"smj",-4.85408435470455,-4.10613947249693,-5.22790810821025,-5.55860662831936,-5.18439198002899,-4.63971564711351,1.38627154498473,0,5.37246050816228,3.30548938358969,2.41935173688748,0.840242793013198,-5.87001897705698,-5.5759558181599,-5.36850631911969,-5.9402137274047,-6.26282427265984,-6.62736604332292,-7.23768936519054,-6.77305947733295,-7.29359372513639,-7.50112224794483,-8.49507559507109,-8.20941358688825,-8.13289655053329,-8.07273994529463,-8.49888086305694,-8.34156918243785,-8.32395886748364,-9.02875883311953,-8.71426411160711,-7.57515845226086,-8.60753511390388,-9.10611477992653,-8.81493110224759,-8.99788076470535,-8.66690791521268,-8.3552557741638,-9.1328092979726,-8.49932588095902,-9.15161308333959,-8.40163034355636,-8.41002662630876,-8.90376733705424,-8.9673255863109,-10.3122067864902,-9.12051141185814,-8.29108713098019,-8.43094092400014,-8.50712848685299,-8.3753469050803,-8.24411856147341,-9.17451868988111,-8.52571110305116,-8.78462845187539,-8.75457488172248,-10.5436812419783,-9.53282402518218,-9.12575363751126,-9.62519648257369,-9.32812405529306,-9.71339565271143,-9.95495126464158,-9.12132474180723,-8.71364376486331,-9.82618578843654,-9.15688004014404,-10.2821858337081,-9.49660071438708,-9.84152666715558,-10.5639351764189,-10.1737291153522,-9.2292752186247,-10.2774829847747,-9.86437399419865,-10.1690158856636,-9.90525569584721,-10.7148718807677,-10.0045034395824,-9.37597276665169,-11.2469357579215,-11.6129885143514,-9.70321182954812,-9.90378238134005,-10.1289972339415,-9.82507594109808,-10.3049014294198,-12.0933900906478,-11.9604874259526,-8.80446587422323,-8.44837072751658,-9.0851517574281,-9.89160797375507,-8.72541343643888,-9.37541492562631,-9.0113595632433,-9.31540086364252,-9.7801687167554,-9.29045637757843,-8.86024830961506,-8.74961698919249,-9.2899065274078,-7.63533930414116,-9.03919402126789,-9.19895648452238,-8.31762025076709,-10.9538916989162
"sme",-4.38868322933269,-3.68498497326581,-4.43543315725885,-5.11347470476415,-4.95675401001073,-4.92617189611563,1.30079649158656,5.37246050816228,0,7.00535711143773,3.64936832166087,2.59849220593891,-5.07232273359922,-4.95886545152658,-5.25360634994152,-5.67976168836217,-5.49556752157201,-6.03814491103021,-6.53626189791383,-5.83144520314126,-6.47433587647552,-6.57207164563948,-8.35120350927652,-8.49314441377071,-8.07108549015889,-7.70430803712952,-8.51791677259848,-8.53419795670114,-8.32577417480399,-9.12404718201916,-8.34576008462314,-8.48389937431594,-9.12387700555987,-9.13097329432402,-8.5421093952627,-9.94347659201666,-9.33865471037038,-9.34441417838408,-9.50409311302807,-9.8071534272992,-10.0684542670914,-9.0116715828396,-8.91804006456014,-9.26609749576154,-9.45442059459535,-10.8427388631105,-9.24377969249007,-8.90074744148727,-9.52023433864488,-9.49170523563293,-8.87157503395955,-8.47108273154448,-8.91915718048444,-8.6241515199486,-9.56587005076478,-11.1867510176507,-10.4037067113172,-9.30852760123543,-9.66829129588178,-10.0689731311733,-9.08675301076975,-9.32272549063929,-10.049711983282,-9.51171942440812,-9.21281219204525,-8.62716975167529,-8.67962153096244,-9.14842123028911,-8.01434667699631,-9.26213796915058,-10.1656635996884,-9.40834603338529,-10.6819864026309,-10.2433833861171,-9.81875406812573,-9.34077395889314,-9.84693830739129,-11.1687439378078,-9.98200808727155,-9.4278224324191,-10.2401349980468,-11.7079660336902,-9.04756916696804,-9.37676741066081,-10.5556471478041,-9.46953356177868,-9.32738926515791,-11.4879468944647,-10.7497184023892,-8.79103550525437,-9.12400232906424,-9.69774519424854,-10.9210477361126,-9.3814398682583,-8.22608124729948,-9.41646858502141,-9.56326579015319,-10.4376025719508,-9.78982361092975,-9.58675073186698,-8.75903509208465,-9.81651569557613,-8.17675264222888,-9.50178274178427,-10.3384758472953,-8.4409634528167,-9.98624128268951
"smn",-3.93477192473247,-3.19722538394648,-4.06629734996662,-4.2282133154034,-4.14434992078381,-4.1122196391366,1.07471828395149,3.30548938358969,7.00535711143773,0,5.18627657201709,2.94339857386597,-5.0276019023333,-4.77764201406625,-4.24120326491356,-4.5874007483943,-4.59200925289208,-5.31823153737765,-5.90455423083106,-5.12098478181551,-6.19113138826668,-6.5089301527513,-7.89319098188218,-8.03156301917052,-7.57286818238273,-6.78140117878917,-8.55899859222989,-8.35768067702369,-8.86519622288277,-8.99727769987403,-9.4622274066832,-8.17223290355539,-9.563247743827,-8.82889972848347,-8.34462110442984,-9.48286327248632,-8.90029433774908,-8.65168834873572,-8.92603679660943,-8.71315459699374,-9.95761053376804,-8.78371665813724,-8.99795209338763,-9.19856558584235,-9.2808348895905,-10.2380884579673,-9.09103466913893,-8.4091734253349,-8.92825537075203,-8.97279188407094,-8.5594302330134,-8.38994838361782,-9.01371363072491,-8.46832195643312,-8.67761192516162,-10.220968713112,-9.93646582133021,-9.10004618300691,-9.52680758856363,-9.4032904634718,-8.94336575766437,-9.2785517793215,-9.29034874883753,-9.94200281501048,-9.16463433940565,-8.88659412747901,-8.50908927212124,-9.48079143381685,-8.73187449405251,-8.50936921064479,-9.84887461233291,-9.49704840231391,-10.1213152555675,-10.3851830448661,-10.0108223814321,-9.33056519977355,-10.1653415119381,-10.3282178432403,-10.2063034596481,-9.27893390798938,-10.3042639781646,-11.1654295231794,-7.68917867290604,-9.55380151739722,-10.0487410483383,-8.75557620341725,-9.91263278543385,-11.755314660272,-11.1753344089339,-8.35190366945507,-9.17046616083351,-9.160953170431,-10.8647962190517,-9.266920688439,-8.19909107927051,-8.48662149521851,-10.0307682453029,-10.1623395256258,-9.18454590177639,-9.5689256782958,-8.73163607233618,-8.83481126766811,-7.37782015982533,-9.33076368285413,-10.0944550706974,-8.70537505377064,-10.0897035532786
"sms",-4.22063022017025,-3.4223312123936,-4.21710653032127,-4.19284596575614,-3.77172491224607,-3.617095094968,0.589844253310044,2.41935173688748,3.64936832166087,5.18627657201709,0,2.57304295068653,-4.83515262418872,-4.97096307627919,-5.04680531890425,-5.51864225658866,-4.95935377889766,-5.83995902461588,-6.34628162407836,-5.93692047742008,-6.35132900583899,-6.9027401020578,-7.59967613313031,-7.85073948321446,-8.11162621503932,-6.6695438075055,-9.00033709777164,-8.09462224069336,-7.99828685041143,-9.1790089785835,-8.95583604366796,-7.42518699673384,-8.68565969983259,-8.73564153729498,-8.76016619044623,-8.82691866395703,-8.28787833713533,-8.12432945987136,-8.58347704015242,-8.28109048207576,-8.76331935653412,-8.81556036566029,-8.49086549138735,-8.33955252671906,-9.12050311081959,-10.3729817828105,-9.56570727466819,-8.39004504898875,-8.81237900462752,-8.67388676079952,-8.1150368155067,-8.65108543185148,-8.94556175191668,-7.6480462938688,-8.75624751703513,-10.2889473786905,-9.98268183295228,-9.48800011959645,-9.11827383309572,-9.68242052466177,-8.43573773034604,-9.19974859283893,-9.61667043642856,-10.0851021625064,-9.46212536152082,-9.23605475178644,-7.41502935787203,-9.62410513584714,-8.91277734737919,-8.6792358935085,-9.25860598250495,-9.10571159120464,-10.1977752132031,-10.1490366757761,-10.112391472457,-9.94375576326809,-8.63103971797244,-10.152894912205,-10.4823335645199,-8.36787424422987,-10.5475464643926,-11.0526203849234,-8.25622622283642,-9.8702558329232,-9.40590728645303,-8.97606777143046,-9.88342293981193,-10.8043410130774,-11.4667250594684,-8.09637280054277,-8.74578444813924,-9.12453484494448,-10.590482586255,-9.09776778365026,-8.80287485692242,-9.18503263364735,-8.22744591813994,-9.65994740474604,-9.39077675001631,-9.35187560018516,-8.39507080520393,-9.79051038932521,-8.17977849531033,-9.18294553210629,-8.89596602401349,-8.63813253358073,-10.0960004997289
"sjd",-4.00527228539312,-3.30739008160556,-4.72178540844581,-4.0364879318697,-2.64735326888591,-3.71507757436275,-1.03266919151577,0.840242793013198,2.59849220593891,2.94339857386597,2.57304295068653,0,-3.900643090974,-3.33615285595533,-4.52159621920071,-4.77097359808152,-3.51366302704083,-3.95967772348974,-4.39264576037119,-4.57090558054614,-5.43056171514155,-4.85646488223776,-7.32435157157471,-8.03920746579105,-8.16287954475502,-7.67549548847559,-8.68571303133267,-8.14733796135472,-8.84238288714898,-8.2076794156493,-8.70020040837215,-8.05456458247768,-8.13005366910673,-10.1116632367534,-8.44005893103253,-8.94894383055682,-8.31481506115247,-8.37036838403628,-8.73221735470461,-9.06669979306844,-9.06585497270881,-8.76071407234417,-8.13736265964163,-8.51642995036385,-9.72667507050005,-10.3917792994289,-8.9841742287182,-8.24747901214429,-8.41155651501504,-8.75605449722553,-8.78336356018581,-7.96234209822084,-8.37669036890227,-8.08774190345768,-9.04030054669286,-9.03858021585841,-9.80486877926826,-8.71322462547735,-9.14532412979724,-10.0829564378003,-9.48817940468224,-9.50721197523343,-9.40020315538569,-9.72084460357213,-9.24473738304165,-8.51294553010779,-8.02635076244959,-8.33935825449456,-8.20365270792357,-8.90287670208342,-9.80854984576301,-8.21194576686028,-10.1854468951601,-9.6852451345928,-9.90883585208865,-9.80695266922316,-9.0605783380947,-9.27381145313716,-9.51688024882579,-9.10780740253622,-9.35047364912812,-10.851203370419,-7.26196171223272,-9.53543248878211,-8.9514750036996,-9.81958855070735,-9.53027060125861,-10.9948811146201,-10.5128982800294,-8.97513839814126,-9.40695708133892,-9.47386888935415,-10.1879724333871,-8.70257077059824,-9.08618964920986,-9.2307566381615,-10.6647938994261,-9.87439746773916,-8.59803289442427,-9.39016323164579,-8.53016628247934,-8.25986387250811,-8.59851839886644,-8.06321906393671,-9.71914915157113,-8.96564974438384,-9.96537273433717
"mrj",-3.55379486324553,-3.33816461751755,-3.95697170807051,-4.19734609621727,-3.42469670584506,-3.20152102482764,-5.44416739515086,-5.87001897705698,-5.07232273359922,-5.0276019023333,-4.83515262418872,-3.900643090974,0,5.85237732184403,-3.80952309339341,-3.91772804136083,-2.66093434938927,-4.10257100673279,-4.04989952114341,-4.90656415713229,-5.52581713288909,-6.0938311891133,-7.39526128280414,-7.43917127508588,-5.93559120325484,-6.18832387989411,-8.38054654162655,-8.07861210175565,-7.76443687762499,-8.00324433838272,-8.05125493607393,-7.64762856186453,-8.64215460470502,-9.70080977839337,-7.38865806489124,-8.54970551700409,-7.68077536128205,-7.92099931908736,-7.08056685519327,-8.16495631078785,-8.052703291224,-8.24229149683299,-8.07448786284836,-7.96710806913842,-9.83958108927211,-10.3368295624109,-9.49198322804478,-8.3801388752883,-8.44697534921471,-8.30934655752137,-8.2164010725529,-7.66819972174403,-8.73785466133169,-6.46542713611447,-8.06548543440266,-9.78743601671845,-9.2495156221302,-8.88556174286228,-9.38284673884771,-9.93826641539329,-8.57506906377585,-9.60849229771624,-8.90539842236686,-8.45837177889802,-8.04886202941033,-7.79214498830807,-7.90256771065238,-8.90186073956344,-8.20068475371601,-8.25523039204738,-8.05060952897162,-7.42631247303197,-9.47313451086356,-9.57772022102831,-9.39753510030286,-9.48439864169489,-7.52514122809198,-8.97378925435719,-9.5654401833466,-7.42944294829822,-9.73205810961449,-10.9691031532233,-7.51930439088496,-9.7466667909666,-7.56979249917067,-9.44412788095676,-9.67943567725029,-10.4163495857906,-10.2446876113649,-8.80358990840292,-9.89137763301558,-9.62929233097941,-9.17876553574072,-8.36636438429057,-8.37616305811321,-8.59483625899021,-10.2427328703687,-8.46637017427614,-9.85648632529601,-8.27727122143774,-8.81214043746573,-8.19424532024099,-8.17497811425641,-8.77600293205946,-9.54649859671123,-9.72227334443439,-8.49381007911249
"mhr",-2.93967220471542,-2.43994889496437,-3.44681191338116,-3.57471581750397,-2.79213309014328,-2.19700140537024,-5.75613555404076,-5.5759558181599,-4.95886545152658,-4.77764201406625,-4.97096307627919,-3.33615285595533,5.85237732184403,0,-2.852348765734,-2.8022981872988,-1.86565426053107,-3.39532834329079,-3.07239888250871,-4.30429452823293,-5.70839821079856,-5.93871081995312,-6.87779148867491,-6.81410159020111,-5.75036287491,-5.84590077701611,-8.30416692099971,-8.33904817550003,-7.4907857891706,-7.8439701780459,-8.02068692781439,-8.05132794737607,-8.88385793300599,-9.87365484010926,-7.71836965450995,-8.26443436896026,-7.40472670756198,-7.8316852479672,-7.09918821942384,-7.76428897769808,-7.56904706341725,-7.78619779444454,-7.68025464480677,-8.00954415697922,-9.54971087133106,-9.92828493635711,-9.03450077547281,-8.16297597806809,-7.99529919549334,-8.06527730562287,-8.61468344420661,-7.56408503874076,-8.48234445948162,-7.35473032117278,-8.64821869760098,-9.89030588991036,-9.64422125789192,-8.65033817271933,-9.58661954752436,-9.79190297760436,-9.11392734995099,-9.88096723096658,-9.11022923426479,-9.09638219588716,-8.72609205874406,-8.06822480391856,-7.82923204253376,-8.1815772456212,-7.79959610918094,-8.45444158582269,-7.6802530997716,-7.24512921530111,-8.90068915666856,-8.95346125099708,-9.31078872064449,-9.41293626010936,-8.47419854387189,-8.20277992874905,-9.69719761925107,-8.08485040761457,-9.46945276266406,-11.6205931249044,-7.09965152513714,-9.38026862222678,-8.15271288326288,-9.44679434236232,-9.55963385482232,-10.5534518767498,-10.572242244493,-9.32334715329973,-9.73223818192177,-9.74256602888443,-9.92553184667455,-8.2589412820592,-8.46665483202685,-8.26776346120811,-10.500152313261,-8.5119347900805,-8.70556940044565,-8.01728258686506,-9.1359237350086,-7.90776512720692,-8.30693425019491,-8.1464518291123,-9.25728063233433,-9.67244983256003,-9.00121632891083
"mdf",-4.24935611583455,-4.1649891996563,-4.99558664273834,-5.05973626506057,-4.35989620150384,-3.02756615165873,-5.41454566576117,-5.36850631911969,-5.25360634994152,-4.24120326491356,-5.04680531890425,-4.52159621920071,-3.80952309339341,-2.852348765734,0,8.65658134137587,-4.4918251410982,-5.46819261408816,-5.23890146410696,-4.45537954902576,-6.17222032971604,-7.31502919597408,-6.97042620781451,-6.16720838462859,-7.06812560009635,-6.50549533758289,-9.3950083238503,-8.52428915423822,-7.45214890191401,-8.46400107349204,-8.87884668627372,-8.78343638358745,-8.87842580380158,-9.73597397381005,-8.56939978687359,-8.26353024338398,-8.19092432576516,-8.34052245856414,-7.66880089047592,-7.54458834711122,-8.26927722134557,-8.72051349864733,-8.12712441053937,-8.7869161260886,-9.88062420061991,-9.52038094621821,-8.45531988486169,-7.65316637667191,-7.38865690071914,-8.14322837983453,-8.70016907992806,-8.26077178223945,-7.466198405906,-7.40231806054379,-8.79615624491066,-8.39664982687577,-10.3167171491787,-9.03030562212632,-9.23082056392491,-9.3590338024067,-9.41413191050094,-9.67300348965079,-9.29731820909925,-9.10175324889108,-8.44328284748424,-8.17791791390491,-8.12911823066427,-8.46997493420748,-7.97606742914336,-9.1344994507411,-9.04924627834127,-9.007667747963,-9.7174836358491,-9.84279759124957,-9.40594171279115,-9.34684830728568,-9.08610462782456,-8.38078257523474,-8.71314424751866,-8.4695648949137,-8.47477236884444,-11.5138961814523,-8.13301672928065,-9.56742762060674,-8.11383643563994,-8.55006248778094,-10.1346171610543,-10.7150951532153,-10.7526987039168,-9.71436627536909,-8.79437445228369,-9.70148857556836,-10.2884949037419,-8.04744677660489,-7.47296314423746,-7.8016252757001,-10.1124723489095,-8.77523652732491,-9.69454181658683,-9.07020855667355,-8.04543796330302,-7.79865333224906,-8.01622040177615,-8.49850982284476,-8.34598619121823,-8.34851727208991,-8.96790342818333
"myv",-4.42373711564293,-4.34872734793869,-4.84517290799768,-5.36251552996737,-4.30323979511272,-3.84406498512878,-5.89951121231294,-5.9402137274047,-5.67976168836217,-4.5874007483943,-5.51864225658866,-4.77097359808152,-3.91772804136083,-2.8022981872988,8.65658134137587,0,-4.59159846440538,-5.90807148595508,-5.3390358151298,-4.17994626429269,-6.64810298780546,-7.42249189316581,-7.09180849199662,-6.63593672737019,-7.23532930002032,-6.57210499211692,-9.21380571912105,-8.47577166387396,-7.57991981217818,-8.08582087641969,-8.80926820742606,-8.57265140954038,-8.59343722100593,-9.31008097255016,-8.04951429741953,-7.88359483943183,-8.08777845980322,-8.0950638313393,-7.57891635272937,-7.63675840164406,-8.22475988837979,-8.66271193985495,-8.03915838641602,-8.37426684697395,-9.65435842535596,-8.96922630855186,-8.61157071379012,-7.62923974722974,-7.43576925123556,-8.18864678338564,-8.84611060778816,-8.06332957350256,-7.19468630771114,-7.4650774304369,-8.69016088199974,-7.98778369918497,-9.43649271372719,-9.06652879926643,-9.10800628673333,-9.15597895076947,-9.20001258506374,-9.09302643716543,-9.33375467120205,-8.71233293160029,-7.93029685817981,-7.72028587357077,-7.67215724997068,-8.41793369376879,-7.63460481508573,-8.55328040337794,-8.72529510037361,-9.20002923342253,-9.91412695737579,-9.87075850924606,-9.51508083025473,-9.00310845445493,-9.07730323853546,-8.80639072375626,-9.06269569228823,-8.2351840610669,-7.88215932928436,-11.5398316173271,-8.02724041866164,-9.24543777140522,-8.45532061104351,-8.56828642317831,-10.2666502391101,-10.746037705215,-10.8864453694002,-9.47062526400991,-9.35255299994628,-9.43130777514795,-9.65985356359215,-7.93945764321309,-7.61226931640615,-7.57000275609109,-10.5211205551072,-9.35080601917544,-9.50553736902967,-8.92768047417423,-8.31338882250073,-8.21559028980113,-8.30637728849591,-8.28391922314954,-9.01721337036685,-8.80580630523326,-8.71307467489425
"udm",-3.834670899744,-4.19647429025127,-3.7207243788327,-4.00649601829875,-3.8924824469448,-2.77839794608057,-6.65315169508459,-6.26282427265984,-5.49556752157201,-4.59200925289208,-4.95935377889766,-3.51366302704083,-2.66093434938927,-1.86565426053107,-4.4918251410982,-4.59159846440538,0,2.21712887407058,3.53278677386582,-4.00475231965779,-5.65493383280571,-5.60855243838946,-5.71681582422804,-7.20754088571027,-6.37545934788441,-5.32079333094859,-8.43557827400319,-7.57685434245883,-8.15129355729043,-7.92104156259618,-8.27230851636093,-6.86664428156857,-8.5061022443087,-10.0545282655083,-7.99344255556099,-8.91648417127492,-7.79268588153721,-7.60580653135244,-8.50926661470653,-7.93137821114758,-8.1381965341724,-7.9119518589317,-7.62756510495511,-7.09641039820724,-9.37052489005492,-10.081359556502,-8.82467093193145,-7.09633801554375,-7.69881784554323,-7.08244394235217,-7.6638253753473,-7.39744341231351,-8.38211325819185,-7.93748534714492,-8.58563248382787,-9.65476775641282,-9.46321584614941,-7.98989729205432,-8.28348190653248,-9.52096612052175,-8.69406249182665,-9.26939219141606,-8.85797474189217,-9.02848710773707,-7.87169702218932,-7.65234273686223,-6.75900973130167,-8.31986513673745,-7.22740412950979,-7.87035218103533,-8.06058454463382,-8.05045809248121,-8.46148132197212,-9.07683986561102,-8.9193441241296,-9.03365768049641,-8.04027951945733,-8.75146562592998,-9.21444651429971,-7.87349373880054,-8.55173964791228,-10.8843072306422,-7.26475621007793,-8.60130844413255,-8.68229362683965,-8.72815293775448,-11.0782129276815,-10.3740128569997,-9.01086802387979,-7.26815583370751,-8.74777164820332,-8.61823089590194,-8.20624571605915,-7.83066880849276,-9.41704614382259,-8.20800901326449,-10.8174175859327,-8.31484463947859,-8.0291622804497,-8.39986518761697,-8.29791753957404,-7.18807763654464,-8.12493133316468,-6.73151339686797,-9.38853228699333,-8.91187567074437,-8.54820049210681
"koi",-5.60411554705889,-5.45118461814497,-5.59777099294481,-4.81507897436625,-5.30142417223193,-4.281666813638,-7.17318884644669,-6.62736604332292,-6.03814491103021,-5.31823153737765,-5.83995902461588,-3.95967772348974,-4.10257100673279,-3.39532834329079,-5.46819261408816,-5.90807148595508,2.21712887407058,0,6.03419343359741,-4.85265868240617,-6.4191827079272,-6.32523630048625,-6.56078224735987,-8.07479214414971,-6.94845466202619,-7.09351550392325,-7.98482453927736,-7.11779038034644,-7.82687019644346,-8.33407785105743,-9.0301198912513,-8.17696346370942,-8.66658525380147,-9.42287961074453,-8.04971731442461,-7.33250384647643,-7.13091801531336,-7.54085266520178,-7.39030587131839,-8.20266231293037,-8.0911938593102,-7.3409734103961,-7.619698010077,-7.16243761423203,-9.55732029078728,-9.76767054374195,-8.40307559936351,-6.74137901130518,-7.4475821529267,-7.24245991429457,-6.32765237195682,-5.88081820786648,-7.81492490506343,-8.17661163662677,-8.69560284522354,-9.93054657131129,-9.36638091400484,-8.2117780091621,-8.15204864806825,-9.32883627757821,-8.4944515027217,-9.33459502028999,-8.89855811563796,-9.5559577342575,-9.10892037239263,-8.38530621679222,-7.79176045683722,-8.8934982215604,-7.9405926311065,-8.72017190960564,-8.8373117774223,-8.63743297645121,-8.6854236374009,-9.36269270298781,-10.2708746309664,-9.41455428004807,-8.06473577973208,-8.04733207621216,-9.8145432477065,-8.59520659760046,-8.72444408715011,-10.7665649693426,-7.71636223702966,-9.3105979249201,-8.64256327448993,-8.74308652964059,-11.1058937881794,-10.8543121919355,-9.64830489936586,-8.70616942935437,-9.16300517722067,-9.19528494998401,-9.07298839143797,-8.27677392337517,-9.94760348606436,-9.0676301827358,-11.1152925078231,-7.83118826789103,-9.10462173036505,-8.62826354819175,-8.8381872157316,-8.05744961358914,-9.39107845063458,-7.64191110302116,-9.55194719530883,-8.78611119596371,-8.73515639891664
"kpv",-5.07025433417605,-5.04420954011816,-5.29241178968009,-4.56397074006183,-4.86100292236738,-3.74164433666609,-7.20167723681085,-7.23768936519054,-6.53626189791383,-5.90455423083106,-6.34628162407836,-4.39264576037119,-4.04989952114341,-3.07239888250871,-5.23890146410696,-5.3390358151298,3.53278677386582,6.03419343359741,0,-4.69199567582986,-6.27606393633285,-6.44090767561406,-6.13703493972501,-7.85139448882913,-6.97778099243891,-6.59051638307328,-7.89037556849921,-7.35147081001057,-8.31744460854892,-8.25454485803137,-8.65780119470712,-8.11607411982596,-8.5285165974943,-9.78013238690078,-8.03697168342744,-8.27455256263991,-8.01666571430587,-8.25035500451622,-8.15301081769855,-8.61300226502873,-8.62804808319622,-8.24213181596942,-7.96794612780911,-7.84103028794515,-9.96652043599603,-9.93646815225442,-8.79456806371457,-7.16451739239219,-7.89789187251194,-7.4238333437481,-7.02014614930194,-6.608963078226,-8.10353762937781,-8.21716715819914,-9.38498461329172,-11.4224507610654,-9.47698598338038,-7.54245043133555,-8.26598216140083,-9.4341113062973,-8.49164202765714,-9.34156157742809,-8.80349108115784,-10.1070881475242,-9.50863956060766,-8.6770261807356,-7.96885668127067,-8.81026027162203,-8.05376399399743,-8.95684553926935,-8.5881388458095,-8.75863281190188,-8.9559586191561,-9.94679362316316,-10.3285692990914,-9.31113496817617,-8.61837183644177,-7.75645332650813,-9.94098966584279,-8.77982887933246,-9.27700769424552,-11.2243843812475,-7.15163954025522,-8.48174242686932,-8.31295325819191,-8.32914692618006,-11.3671578005814,-11.2113952280987,-9.31064264828717,-8.1823765538915,-9.42149600702755,-8.87356589280105,-8.59280037768055,-7.93415735591069,-9.50258351679275,-9.2410156559423,-10.6347099372776,-8.2489402332809,-8.5338505144319,-8.22234208694869,-8.81414303224507,-8.14015613332401,-8.96199235657128,-7.52962663132329,-9.40591861086333,-8.66856207799869,-8.47380343950412
"hun",-4.66316314525978,-4.6810694096506,-4.64148378116319,-4.12018125943141,-4.33464182649676,-4.2092972268774,-7.03479442005929,-6.77305947733295,-5.83144520314126,-5.12098478181551,-5.93692047742008,-4.57090558054614,-4.90656415713229,-4.30429452823293,-4.45537954902576,-4.17994626429269,-4.00475231965779,-4.85265868240617,-4.69199567582986,0,-5.19266698387979,-5.28646759021832,-7.4565987434508,-7.49485552870104,-6.79494999946675,-7.73081383741836,-9.31622158251723,-8.08421233774203,-7.85790530331495,-7.50094139656164,-7.07075025926184,-7.27087216289307,-8.09065802800418,-9.35186512377692,-7.06216792926104,-8.44012929546616,-7.85344774614758,-7.68819301311958,-7.93256013948425,-7.6755183388165,-8.80196857875731,-8.08360665105041,-7.4508642734052,-7.95526115411017,-8.92067329008585,-8.78475300619571,-7.93468899308516,-6.22213881690502,-6.54472387578845,-6.69256171543219,-7.01162744470771,-6.35543599514103,-7.6157248579634,-7.50452526674766,-7.61594742240912,-8.62071251757211,-9.58713583807192,-8.02566584483843,-8.647164590743,-9.25521529716376,-8.51600126576039,-9.48118702525745,-9.31365310472077,-7.58579905451957,-7.39648104783075,-7.14587303852894,-6.71260671914021,-8.14008577034673,-7.58089275404071,-6.69074668416246,-7.34245665093149,-7.62932765030307,-9.06433253752748,-8.60613481731197,-9.82826974763012,-9.49327644061702,-8.97129807365252,-8.02201317203325,-9.10564492636465,-7.75153806097426,-8.5306860989203,-11.4756560198085,-7.81076697293259,-9.00719784387844,-9.15312426193646,-8.76385205174533,-8.72179500996402,-11.5025967876403,-10.5243820560066,-8.67408485187521,-9.34450235323425,-8.8459964338794,-10.1671142890568,-8.25136980054417,-9.90583535890843,-8.34584493620641,-10.3718983532622,-8.494475718974,-8.76587641847201,-8.61286009170778,-7.76532791508491,-7.11476932114402,-8.85708242928335,-7.88685355745214,-9.15665698301275,-8.29948017774257,-8.4394150323332
