"V1","V2","V3","V4","V5","V6","V7","V8","V9","V10","V11","V12","V13","V14","V15","V16","V17","V18","V19","V20","V21","V22","V23","V24","V25","V26","V27","V28","V29","V30","V31","V32","V33","V34","V35","V36","V37","V38","V39","V40","V41","V42","V43","V44","V45","V46","V47","V48","V49","V50","V51","V52","V53","V54","V55","V56","V57","V58","V59","V60","V61","V62","V63","V64","V65","V66","V67","V68","V69","V70","V71","V72","V73","V74","V75","V76","V77","V78","V79","V80","V81","V82","V83","V84","V85","V86","V87","V88","V89","V90","V91","V92","V93","V94","V95","V96","V97","V98","V99","V100","V101","V102","V103","V104","V105","V106","V107"
0,0.157973360566687,0.262012992290232,0.393130815544611,0.396838381720088,0.470968799896434,0.808019068547533,0.878220621212358,0.849052912468212,0.840457287023687,0.877327340864751,0.833401440591601,0.797028084989718,0.786182861828622,0.826808514913158,0.842731372127984,0.825964997561187,0.901564160467592,0.889835354725787,0.874426716620378,0.932676784250742,0.896345868381199,0.881737733310734,0.94020432091775,0.923821878418694,0.888573124782857,0.934749827744479,0.909368655706385,0.974568430441342,0.980906581079731,0.981680775542417,0.971971398077123,0.978850595422848,0.989637151268302,0.977106000521615,0.946928108714182,0.987244018892676,0.984965071062328,0.991335827076353,0.994468411629301,0.965262305296994,0.971686421034934,0.976872883747184,0.99801607395147,1.01463600239658,0.996139794757958,1.01765987729134,1.02148098996762,0.987866350540939,1.00692090905214,0.957312903257782,0.975962568439377,0.99727482122292,0.9292245927204,0.938624648069318,0.973604164793357,1.0009450991077,0.984477781614918,1.00549245540309,0.99897723201199,0.985921421426383,1.00567532936069,0.998651775733929,0.96090820009788,0.974881395946066,0.9968355710808,0.978680892115632,0.97404054608853,0.95091141669332,0.967563431491844,0.998875878384426,0.981292170124587,0.980964987676358,0.96025797582574,0.989292858050167,1.01343059815687,0.985272693178706,1.0177490099591,0.998931718743986,0.975843906710373,0.990383666860559,1.00351150872904,0.934315072501739,0.980271362112357,0.985869308988215,0.94733689594467,1.02144698877691,1.01927925017244,1.0117325781329,0.980431354525205,0.966179022050186,0.964655292205472,0.990315255352137,0.99343812603387,0.96536162231861,0.958497808213208,0.989025233951137,1.01377736167625,1.01584646742037,0.990024134004603,0.977597155194314,0.938160691674357,0.994053518334988,0.987062731585163,0.99413894098347,1.01547483466204,0.944913571926645
0.157973360566687,0,0.203628054229327,0.355060415958469,0.340494515061816,0.462094106528053,0.799450146920533,0.848026518827873,0.82702627683198,0.812065284760007,0.838837647865597,0.807784657949346,0.790608899474376,0.762436235693292,0.810143594822103,0.824048653344922,0.814958008713634,0.880199517232404,0.869108606557382,0.858257115000701,0.941735477831004,0.90185559913379,0.882507048599958,0.941047418380872,0.904160468065142,0.908074101736964,0.941979192507725,0.895237316449195,0.973875447520888,0.986461727978346,0.978501281569015,0.976253686914684,0.976473027790863,0.968944099378888,0.978751652225002,0.927295144028436,0.977808510201574,0.974643790104172,0.992494858440861,0.977962257691819,0.951039221458211,0.964820270312285,0.970542012028104,0.986190736076831,1.02192331502074,0.97894887914443,1.00797861053347,1.00105613388834,0.969437798296464,0.987003972806602,0.933344533614503,0.981243904268892,0.996229536029537,0.923537024729797,0.937937470835285,0.969927904912425,1.00008342470325,0.986310382639816,0.998453913951054,0.993105434850716,0.992600328211254,0.998707258742166,0.989461184503493,0.963072184149579,0.965420284718536,1.00180122193279,0.978157768121036,0.983031665799454,0.955419591052297,0.966010327413045,0.99676155003274,0.965744023790465,0.972139918189127,0.95737095765425,0.965069350970237,1.00481950778064,0.971097652154296,1.00493357396013,0.969872499809461,0.963782322774196,0.999067686633428,1.00264270396602,0.927738197760905,1.00017530900886,0.994745022955144,0.944515698190585,1.02125589766039,1.00599054005332,0.996126739758069,1.00124091238098,0.97639739368631,0.98060133628479,1.00433865447086,0.985585837735723,0.943824451410664,0.954650609939473,0.991513607491438,1.00866929799831,1.0251669986811,0.995990273364374,1.00643907449095,0.9457668053133,1.01272207767332,0.992638699579787,0.994381423135741,1.01675466385076,0.947390528194902
0.262012992290232,0.203628054229327,0,0.297451315003175,0.38138074117213,0.48117183590721,0.822907510911367,0.863649108139663,0.84642002870356,0.829131202826406,0.85086332096176,0.842390787250451,0.805202811930692,0.779522097123171,0.829138872043669,0.830791032051435,0.797283578954743,0.87605522247399,0.860136923992029,0.835091518792795,0.929675887815321,0.910184443072363,0.886790320034461,0.947338677295108,0.928456471105693,0.894762960714813,0.95320374998636,0.91771107029089,0.994137633284485,1.00698753678805,0.996597550652386,0.970415298359988,0.98553815136477,0.981100749203692,0.969302598737342,0.946738860041811,0.976037120271009,0.978630782066051,1.00785550750446,1.00566745042368,0.978924988715918,0.97236239712286,0.996056397565856,0.986026864886992,1.01291505766573,0.989190504238271,0.995345937832871,0.99845447407393,0.970700085283181,0.984742481172169,0.958565025850115,0.989680856616493,1.00189695351286,0.938019511513661,0.962928304059898,0.997902113026364,1.00987332339792,0.989112536416298,1.0114060480931,0.993732739936643,0.983497066053124,0.992791846849764,0.981543997943626,0.954122255552723,0.956090063964541,0.983894783078801,0.976747002194117,0.976955152085544,0.954601884082671,0.974218017825361,0.995987655936266,0.995487488035012,0.987973353601289,0.961570480603136,0.974078390928416,0.990528727010756,0.999560219469318,1.0206283125032,0.978181827293895,0.969500191392795,0.98723323819709,1.00114142862168,0.917186980094343,0.99963247823983,0.985992081961601,0.952996511664453,1.02487833482108,0.996830132763313,1.00733290705678,1.006819483162,0.979579286244464,0.977619479453211,1.00304303752698,0.979215690820367,0.960958046336888,0.953690474784813,0.991620723955964,1.0190857376909,1.01319985672844,0.999921200333831,0.990711200576777,0.935252568493154,1.00917577595149,0.987910040299869,0.980208783886473,1.00268785789413,0.940536544148716
0.393130815544611,0.355060415958469,0.297451315003175,0,0.311721198424133,0.42540444360193,0.798794526555397,0.903255483999694,0.870412035326911,0.840760162924085,0.883154154751168,0.835063561926777,0.755119638927451,0.775016640412717,0.815449166092836,0.829148781080428,0.791259364348865,0.838358287676397,0.827504291585027,0.83123848611338,0.930639394559217,0.910675065018104,0.867050511062057,0.94137852682254,0.925162945835511,0.893642594938767,0.932547691978176,0.902009207421463,0.999535356396555,0.976565911661803,0.993782149758276,0.960063917733097,0.953011209191237,0.976993051536867,0.935327951214445,0.946074639607395,0.971133368209667,0.977854620051924,1.01610780938179,1.00618747970224,0.975001623866004,0.979020966538509,0.992084711831152,0.993103994796217,1.0025918297434,0.985094677095243,0.991511554716306,1.00445983447531,0.973796175523586,0.98934109552792,0.932969507869353,0.955892324186494,0.990192901662999,0.927487664236109,0.95096111258748,0.976438214807808,0.99798456277634,0.993138049343981,0.985655493632764,0.990345917743924,0.97859259532505,0.991537662094011,0.993117072751742,0.968908016984905,0.96223742657387,0.98576802792005,0.970698837352288,0.953098881110822,0.953849148892164,0.95847301426292,0.997809735200613,0.994831203834806,0.984702536955507,0.94892385657923,0.958054454670811,1.00037848802483,0.995985952471145,1.01377958926037,0.984394092102482,0.944041944001804,0.993699574781188,0.99962257430484,0.944967202873654,0.986992723584593,0.979911894969813,0.961477405647994,1.03845085468094,0.958298780548241,0.942579498177831,0.988130072946793,0.964323736993536,0.988323760254202,0.988975509852227,0.985560384901453,0.967144029918822,0.959007191013827,0.978421634019445,1.02339470965368,1.00692363922456,0.965129127811302,1.00122671970769,0.971699695991518,1.02299812481597,0.992998621794835,0.972957749784382,1.01066338864023,0.960831164643839
0.396838381720088,0.340494515061816,0.38138074117213,0.311721198424133,0,0.460071933270414,0.824296613150035,0.880404214820539,0.853437613740452,0.83592872300587,0.850397627804094,0.799006937376119,0.79158789973611,0.766349020264613,0.791986020934338,0.792737057213767,0.811206016617515,0.880537408026396,0.86930773638017,0.857228416566017,0.913071474565359,0.89844945360619,0.855466501387464,0.929722395074195,0.937052074139453,0.891479636124618,0.945162187555437,0.916871595917989,0.994006789534409,0.976632589554271,0.966986238443321,0.961264996370851,0.945794741778535,0.962777986942974,0.983288681004753,0.974782697319571,0.977815433529309,0.984504907985792,1.00492727562999,1.00477555399953,0.968726908860643,0.992411483004577,0.994598109603421,0.97091608583777,1.00506070522877,0.970235137590587,0.997480389826482,1.01140502331377,0.984397291377821,0.99660830643085,0.94768993780443,0.980083911180496,0.997931747673217,0.923220843326733,0.948671133454385,0.959458153117896,0.98111005289322,0.988512779573624,0.996681670662027,0.994098788620057,0.964794018661857,0.998735773229116,0.978454895390817,0.958383102376999,0.963531114808101,0.995769606247968,0.972989840851565,0.933076762199267,0.939578966234014,0.990488877095855,1.00892166091413,0.978932810879339,0.999997064806146,0.965254856133306,0.985138781154095,0.97855319530411,0.988011272654587,1.031282515776,0.985953755755096,0.961507500390557,0.987788712871116,0.999005471921729,0.925793689086173,0.981117471096751,0.982467725426752,0.968423209225294,1.02422580657098,0.998510208570801,0.990844721953391,1.00130026112781,0.977637876217646,0.992691269638094,1.00606572076586,0.990565286888238,0.968466322865101,0.969459352034023,0.998255308188388,1.010537154139,1.00738206697875,0.96716720094483,0.979453016042874,0.963082499372217,1.02660772374677,0.993655257319925,0.992638686299109,0.993839931116066,0.928998636163446
0.470968799896434,0.462094106528053,0.48117183590721,0.42540444360193,0.460071933270414,0,0.796323692298293,0.898422794334401,0.871980456707803,0.855473181952416,0.864312924839949,0.811599295272787,0.757475475712093,0.745571780197215,0.770202898550728,0.799896431691244,0.778010164320971,0.847246599931654,0.840082194493962,0.844821990933146,0.896702099110483,0.907859690893111,0.880281952951538,0.924170305346466,0.904400081122006,0.912471296737579,0.966633877973835,0.937952088936945,0.954298510760089,0.969957653962858,0.96931262021291,0.947158268879929,0.954711456056215,0.967020222884763,0.967082076086041,0.97124402070675,0.940294573132563,0.982240494918734,1.00618633323133,0.978608565385975,0.950645514223199,0.984676720309307,0.976113846438041,0.968558301213163,0.987989913526363,0.985551007173838,1.00128527269727,1.00305874334707,1.00665807667818,0.989479131017162,0.95121163701392,0.966293276003485,0.994105845865881,0.933438610079862,0.92513571940901,0.949574869737885,0.980226206047555,0.96238240388744,0.982939106767958,1.00570184962439,0.976946391738907,0.993795916739311,0.991285728349691,0.960719290605405,0.994012585937219,0.992031732129289,0.989162750551457,0.927952514407664,0.925605751682574,0.982444586660439,0.993496488809906,0.982910747302361,0.969146374136481,0.975417362620765,0.977592224325119,0.986499511332698,1.01164135260173,0.986960536926721,0.991634551808433,0.967214358677021,1.00027974020201,0.988306977074673,0.924273131187156,0.994076959854025,0.989899479533638,0.968850254854649,0.999351501237366,1.01007569048728,1.00852366451592,0.982338897644855,1.00885621602032,0.960225385159888,1.01165287441287,1.00696716003547,0.979007052615561,0.989519535116175,1.01213513273726,1.00799188980249,1.01637567779199,0.994573529205431,0.978442964360526,0.977479082217239,1.00793863565363,0.998623631484213,0.992669839019951,1.0100067731434,0.964123474043325
0.808019068547533,0.799450146920533,0.822907510911367,0.798794526555397,0.824296613150035,0.796323692298293,0,0.744159883528557,0.686620540729226,0.700434195135896,0.73283844877539,0.725637536824899,0.825170797320514,0.86210644909683,0.847569267240671,0.854787874422904,0.888801113930606,0.885983394155306,0.913741870583415,0.894409953368511,0.888324459791416,0.88908849530553,0.945355337431503,0.947682314879418,0.970572586661807,0.967903460596838,0.974134263871405,0.917187344621817,0.977079586468466,0.955322395119865,0.986937201964011,0.979428271788023,0.973097827625982,0.955801660842595,0.974429224511327,0.9503418295311,0.973618281202552,0.969441307267853,0.988066192274787,0.985032305572105,0.959688291191268,0.966546564712668,0.96201818410182,0.981757201363178,0.984412593719114,0.993328733233479,0.986741502760344,0.971510365593098,0.975370712255076,0.981568379123686,0.94180245438295,0.952598333774392,0.956065691680654,0.959517463719524,0.948587649377149,0.976455625523467,0.986409196348242,0.968006538227704,0.961824803034074,0.995678913796277,0.967124745983215,0.968242315917143,0.955021563995002,0.984060437684494,0.982825066762728,0.992305291412641,1.00659749530837,1.00409571184779,0.995497676094213,0.990426378783013,1.02607813598652,1.00027491631224,1.00631361485729,1.00729786079489,0.971704954810871,1.00386641296416,1.00200087181612,0.983335863995307,0.975858025700714,0.956847497238501,0.973373029560272,0.990246188980256,0.942949887109168,0.980686573112065,0.973254267123082,0.983963607166257,1.01806059287423,1.00200829721492,1.01580035002027,0.960025834035165,0.981646311635572,0.950373850673866,0.992109661374718,0.93955003945433,0.935575872271239,0.978554218628572,0.994847336268673,0.992996590458465,0.990704055775664,1.01391797230829,0.973151812773118,0.97141518275539,0.940447767332421,0.995588044345131,0.982749230952037,0.986476110836599,0.975655259722474
0.878220621212358,0.848026518827873,0.863649108139663,0.903255483999694,0.880404214820539,0.898422794334401,0.744159883528557,0,0.454149493349653,0.621079652724737,0.603510547746672,0.672656638282366,0.886650973273024,0.894885772474249,0.831711257936544,0.836683485884557,0.894663924205772,0.91550322519994,0.942290274201589,0.934156141562079,0.974841635172319,0.937875380031238,0.982405974810942,0.979861368460067,0.973708241306567,0.955242164838821,1.00073085606858,0.918667267728003,0.971236540380755,0.935958787734415,0.961147647667477,0.966132719348742,0.942969157446514,0.936886813230823,0.981823188976318,0.983432590557404,0.975530849068363,0.9725619654887,1.00640332033952,0.997172004890292,1.02694461651265,0.973014627057143,0.982567470246742,0.962857894842055,0.945573258488618,0.970952964707407,0.959374274091367,0.932699638595974,0.94556475873411,0.966921771536956,0.938013001510281,0.966638910347091,0.976595262993353,0.994058597785861,1.01946984279757,1.01336861510679,0.994467248479767,1.00073932312151,0.95166634912869,0.988407022117389,0.98371022091903,0.962383437793456,0.974921611906209,0.959601593466781,0.949838440433579,1.00665766146054,0.988518394674841,0.98490427336098,0.999519398223359,0.984372576046394,1.00134541990512,0.987552958243357,0.971173202960629,1.0138519044352,0.966645209420582,1.00238381237656,1.00363299252825,1.01056113759195,0.969244459298565,0.959378630239205,0.973410073164773,0.99967690370718,0.951010876962762,0.975148828477317,1.00795032769451,0.993538573677476,0.999784502777313,1.03163499385386,1.00675003079209,0.976781608460637,0.980030412651437,0.996558175426638,0.98993797063867,0.942663935571449,0.995605317490489,1.0129925187241,0.992062364757563,1.00368925407733,1.00734104278447,1.0210022062249,0.980244516973622,0.96656875087425,0.985303297081915,0.972743952693886,0.978411061011362,0.980841107567591,0.997295350805542
0.849052912468212,0.82702627683198,0.84642002870356,0.870412035326911,0.853437613740452,0.871980456707803,0.686620540729226,0.454149493349653,0,0.386518270661462,0.525839244551463,0.555891263844498,0.855356775239888,0.870006536393076,0.82689734014698,0.835084756836085,0.861614309214618,0.880620536319246,0.901101554499059,0.881656716934663,0.9261068780016,0.894749610473473,0.994059967783741,0.996825144315474,0.974935987594219,0.947193432321152,0.989848421004679,0.924480791628064,0.951615379104971,0.934641033792108,0.945770180222567,0.97811142150264,0.962259547505934,0.939301467124595,0.968394640437604,0.984390752670629,0.976534040641832,0.984832631505045,0.992171435733623,1.01800730311328,1.00877563685552,0.98995507518591,0.977912506885469,0.978721941782084,0.961510886675711,0.96650308655683,0.987363273644016,0.951853690009434,0.96983133790948,0.974360884333476,0.964169677370462,0.958916926974627,0.978416964309698,0.988337185914569,1.01370479339178,1.01792030690569,0.986868102294839,0.968687228505562,0.958682879508006,0.97971356736204,0.969680708344517,0.981300521588823,0.968718039672663,0.978048927347289,0.966736332599807,0.984522430061254,0.978855353163909,0.96343145500421,0.983374478098084,0.968436570216367,1.00103059760735,0.988216933022747,0.981098550354921,1.00735550183423,0.958168756025362,0.982991215489425,0.992330498478837,1.00120370209135,0.979638439581355,0.960862429806837,0.982710081460549,1.00973408828244,0.928575719676902,1.00680286673125,1.01834216281059,0.986907653205315,1.01341865601646,1.01691309075927,0.992443700131241,0.966634189669231,0.970949861217187,0.983256296504775,0.994259717022597,0.957848532937172,0.975279772402794,1.01034043259991,0.988433722624006,1.01569073384483,1.00810613161391,1.01612665869846,0.996687403326146,0.96615090451021,1.00008428150021,0.986458897802019,1.01930624690522,0.992975014911531,0.996615551540676
0.840457287023687,0.812065284760007,0.829131202826406,0.840760162924085,0.83592872300587,0.855473181952416,0.700434195135896,0.621079652724737,0.386518270661462,0,0.518538889221022,0.571784250392263,0.827092390710684,0.832576431282425,0.837713409436541,0.828308721560589,0.85205911152254,0.865322168587222,0.890184443868729,0.896121800635382,0.920241187229106,0.898637229248369,0.973741715215203,0.979435314655972,0.956499348341939,0.931122532490918,0.978359311164895,0.924888772572629,0.97253666270977,0.964232904611783,0.965128044628129,0.95629865365872,0.977721672904139,0.908272676800881,0.995047129734218,0.967587308833601,0.963429136833447,0.968430890944006,0.986302551130834,0.97428215999391,1.00696283000524,0.990395334486103,0.982400825701372,0.973819358049269,0.96154369619486,0.952969680176596,0.980073638850884,0.954485624065153,0.977698767484103,0.977245109920083,0.961110169576014,0.967630267830112,1.00239964038816,0.949776335905835,0.999951471501226,1.02071457419357,0.976203939599329,0.974321650440887,0.961572375612372,0.958458378355074,0.966874932761778,0.956067361125788,0.975042133851021,0.993787094797725,0.97706962970728,0.977958981462293,0.997337584941878,1.00187912234819,1.00942907834401,0.989816755745618,1.01267470468148,1.01805310496192,0.9841312044952,1.00928554688808,0.996182512731297,0.959941115511287,1.00242110526808,0.999979462234835,1.00578543196794,0.954423493966386,0.994763473859351,0.984121670612647,0.92639060841882,1.01444525086039,1.01689259419786,0.963081982236497,0.999202926080707,1.01954720881037,1.01760891394558,0.980248141775701,0.975435462259938,0.961408418161483,0.995204860921894,0.979657049746322,0.980715616379007,0.961812328234579,1.01026651812495,0.999241933314587,1.00465368398683,1.05989716348282,0.96460361182212,0.954871071279056,0.955803895570921,0.990021857899045,1.00021881655323,0.964077549501885,1.00211345223086
0.877327340864751,0.838837647865597,0.85086332096176,0.883154154751168,0.850397627804094,0.864312924839949,0.73283844877539,0.603510547746672,0.525839244551463,0.518538889221022,0,0.581708471881478,0.86896004579394,0.875324108190728,0.839328600190742,0.839839970843551,0.872243662762037,0.907743974713556,0.919110354155191,0.92446745393812,0.903857086631394,0.90808503235981,0.986063164242108,1.00051549857678,0.962223176925478,0.913005992449141,1.00545783989309,0.94367181421992,0.963513199058877,0.945591943012223,0.970837370879827,0.969166674344569,0.974395957514659,0.940768325852886,0.983479295315439,1.00160446589496,0.963783385930777,0.97372289048205,0.995634190794021,0.99291372870853,1.01673601098293,0.980434917841943,0.995214705515476,0.961851496660419,0.968884553023799,0.982567773579908,1.00049512913572,0.962143740691192,0.980082850209326,0.970960534877239,0.939535182310105,0.972409600088842,0.973316488776595,0.974093650976753,0.975667510817768,0.980573712071833,0.996517500619616,0.979957736247775,0.958743019204449,0.989571792178313,0.9578525747785,0.976860011485833,0.976372861868145,0.988497587970277,0.959619499222549,0.998459083337636,0.975914779027408,1.013562599725,1.03783696897673,0.98161917276102,1.02612168531645,0.993670480415868,0.98188959327375,0.98437852463782,0.971568673609808,1.01608731712546,0.953389429895056,1.00170221028446,0.982491101189342,0.973325607949712,0.97969499458206,0.993167364912654,0.919969098768883,1.0130335573541,1.02083843662394,0.976045987639428,1.02052155211041,0.996096197340374,1.00097794373187,0.972633597949054,0.984232419825201,0.992189591684258,1.01047618831238,0.966207686357507,0.998284457453373,0.996748929107053,1.014834696128,1.01218761191814,1.0142665754518,1.03239018623352,0.944860747824571,0.990284319912168,0.983337813012991,1.01674804219253,0.969117682608869,1.00453137762048,1.00304627363958
0.833401440591601,0.807784657949346,0.842390787250451,0.835063561926777,0.799006937376119,0.811599295272787,0.725637536824899,0.672656638282366,0.555891263844498,0.571784250392263,0.581708471881478,0,0.822749530761211,0.810996488626204,0.762253215364771,0.760369134199211,0.807250241752801,0.828761050147336,0.862019136757888,0.855618409427317,0.876311969954164,0.840184162816555,0.949254310896796,0.945116127649892,0.967501946422907,0.940780961202001,0.980625924977541,0.934243281119137,0.957765284956223,0.94831902227587,0.976055335765158,0.975734581510399,0.945503749457724,0.977994993208129,0.979802893362002,0.959727273172237,0.977770946231004,0.965531589701412,0.967142324344485,0.988807849550288,0.962982013444497,0.94626401649394,0.935472618264115,0.926955480477271,0.967678916407999,0.974433601504548,0.995439462181238,0.942806830625352,0.957510401185055,0.989406438862974,0.978419901206704,0.961660905124781,0.98974462455269,0.994196466672358,0.99994474922649,0.995369871863896,0.989602881093939,0.982572325415832,0.982246095176628,1.00955932467916,0.976526223862645,0.980826038280483,0.99104050177224,0.998204205606459,0.987230780482653,0.982437134899477,1.00540139364202,0.997931495787112,0.999591122622854,0.976000197958379,1.03064644767296,0.986312492654254,1.00071346028237,0.985916883234572,0.988370921843145,0.970030840128398,0.984813370425631,0.972663769281444,0.967779208345716,0.960554531432226,0.95683688246082,1.00191326200071,0.956358677122401,0.974484079655933,0.996931401502718,0.996015910105281,0.993314141777619,1.01062054517036,1.02728562756553,0.970803000137446,0.929302312009416,0.9724152914025,0.995276872019776,0.947688089375033,0.968395788056405,1.01478350607092,1.02188809793094,1.00905943427242,0.983622052393493,1.01700439451022,0.997427983539096,0.983082176455137,0.982994077615214,0.984702379199328,0.979925594332941,1.01792510603184,1.00929924420356
0.797028084989718,0.790608899474376,0.805202811930692,0.755119638927451,0.79158789973611,0.757475475712093,0.825170797320514,0.886650973273024,0.855356775239888,0.827092390710684,0.86896004579394,0.822749530761211,0,0.390129306407468,0.808257623788013,0.8180809775272,0.778002965808371,0.817035550429923,0.832717695401294,0.872813399189629,0.899464819497313,0.906151088239852,0.916946327320444,0.927115677889894,0.9102439942442,0.894070865241365,0.976868010950082,0.917772162589714,0.965434103561124,0.930899021344662,0.986484498127721,0.974913608708939,0.966006050922939,0.987156759528878,0.991315725589109,0.963988203826898,0.955532707878165,0.954685416811956,0.950903105608382,0.977337531309448,0.941947757407756,0.966596355126428,0.972951710932729,0.956449233532166,0.954853537997075,0.964439573354111,0.980666999750191,0.978882161308368,0.975418843562185,0.988249158111387,0.965391266932008,0.953034252788975,1.00610443228696,0.899821977666289,0.955262195319195,0.978606638983998,0.965080313170297,0.991019320517943,0.996567534339086,0.978026909110421,0.958842887429074,1.00459014767331,0.999044846569665,0.949531910849215,0.947616643997396,0.962631249229417,0.978842776487786,0.994686034201462,0.997269538552018,0.959293747132709,0.982540253161817,0.982458403516702,0.961491215871693,1.00493402392942,0.980145299059712,0.988240758327929,0.974306679473856,1.00454076277876,0.954378469677966,0.937209361942118,0.977384651225106,0.995627412862222,0.947062845296254,1.03284596677313,0.955634805623836,1.03573194089978,1.00860035393142,0.993675129790012,1.01943985972745,1.02840384374644,0.997562444902572,0.991200256852405,1.02747944976676,0.972387231867981,0.930037114457577,0.968299697414156,1.00070077755216,0.993088827053305,1.04248534122305,1.02043865882921,0.994052193963112,0.96593340513459,0.996321717203808,1.02847427881979,0.992014461162211,1.01326300071732,0.976165573278829
0.786182861828622,0.762436235693292,0.779522097123171,0.775016640412717,0.766349020264613,0.745571780197215,0.86210644909683,0.894885772474249,0.870006536393076,0.832576431282425,0.875324108190728,0.810996488626204,0.390129306407468,0,0.791204370145041,0.765971554553596,0.701913880415196,0.813057737777441,0.774762374211791,0.874613495930354,0.899966755374137,0.901210340800624,0.873048154186725,0.904790909075946,0.896887286056343,0.887730152354319,0.968538149399063,0.943333575605732,0.965215765572958,0.92093073303818,0.96594928207305,0.989658077777079,0.987819439826741,1.00588439836521,1.00244778469335,0.978268769780678,0.947961692309245,0.961843753883986,0.966826370935513,0.978925361354491,0.935974380794557,0.963879473813772,0.953632808076587,0.951868498694542,0.971333253643114,0.951604338921341,1.000660813587,0.973221735460139,0.98135948238226,0.981246009483685,0.990611461620219,0.980669930276094,0.99969924205638,0.945072169239008,0.996282661744834,0.991713909251635,0.982599668538558,0.973913655245986,0.998647811175274,1.00444511037859,1.00262687591924,1.00689468922357,1.00348159655712,0.979676462370342,0.968397630980204,0.975031613653006,0.950613245486769,0.962289675532762,0.951196673243116,0.993663276480878,0.966927093446498,0.994437119450084,0.965867445365045,0.992194522698734,0.973294779674101,0.971844035516666,0.997410789583063,0.992897253663248,0.962167648681548,0.980275181069699,0.953889266743004,0.987865989334768,0.945072231404506,1.01441056810064,0.963726164524435,1.02626344031176,1.01844290322992,0.981251951418534,1.0250569476082,1.01166350424357,0.98814648230664,0.989252941261023,1.02298108005268,0.975033802666841,0.954610092843365,0.978642711256501,1.00879815616906,0.985960317264216,0.995471901438736,0.979670084085261,0.998285924964481,0.9559568179517,0.99433055803135,0.952973192637124,0.985638557748686,0.993518883364429,0.97983204396201
0.826808514913158,0.810143594822103,0.829138872043669,0.815449166092836,0.791986020934338,0.770202898550728,0.847569267240671,0.831711257936544,0.82689734014698,0.837713409436541,0.839328600190742,0.762253215364771,0.808257623788013,0.791204370145041,0,0.175686255615914,0.814769828738008,0.89102335931605,0.868323220986921,0.853364994787446,0.901479548159443,0.924475687750437,0.968384067436031,0.92185603394637,0.988238749278017,0.906098457385561,0.980315017380844,0.946609713900323,0.944905102074619,0.953944625351049,0.994519160597533,0.95892048575372,0.992179825736415,0.947740887425633,0.995452219885172,0.962348898976601,0.954177776183923,0.953808865134126,0.967646783641368,0.938051257313714,0.959669667369278,0.97232746323971,0.97517721654259,0.974569504686378,0.990873889812309,0.979773992585331,1.00207765905441,0.994450099105376,1.00103570505329,1.02092835860985,1.00160026634857,1.02212549238981,0.995453166370179,0.933682271068294,0.963666075588476,0.998914695029302,0.988016992233747,1.00328038674033,0.947072713814137,0.972243588611956,0.963955290117797,0.985624646490196,0.977450529222279,0.927930007237336,0.936503402732545,0.944475956492309,0.974835637295607,0.966957482926062,0.962060924603032,0.982438216036734,1.00487027223685,0.989465742063312,1.00195997994439,1.00094900853,0.940901808053736,0.971316441466658,0.990124796290495,0.974800560701992,0.950187006391362,0.950571014693834,0.949722790704151,1.01242092953011,0.953202806699864,1.02333394624711,1.00019190940518,0.974090828523213,0.999792303355785,0.995665304602344,0.991787312032502,0.999922244325805,0.946758185069413,0.987352848157223,1.01459277422559,0.962445122273749,0.96722160476227,0.966766124090901,0.996129618465999,1.0183450295497,1.01916501421334,1.00387945051372,0.98648888242828,0.980788340510103,0.949005139017001,0.988812758502185,1.00124312169796,0.972642089685819,0.979838709677423
0.842731372127984,0.824048653344922,0.830791032051435,0.829148781080428,0.792737057213767,0.799896431691244,0.854787874422904,0.836683485884557,0.835084756836085,0.828308721560589,0.839839970843551,0.760369134199211,0.8180809775272,0.765971554553596,0.175686255615914,0,0.816201078367577,0.897017313152807,0.863755018905033,0.855666115818716,0.904021746821325,0.933661047949153,0.955019552397449,0.938861764190395,0.996760411105952,0.913459523643224,0.992155538698321,0.934642482386452,0.947511901103761,0.943552577839189,0.971494134176104,0.967407049929921,0.979314009539599,0.943832267769842,0.979251839738352,0.943520685353188,0.955442995494128,0.951216379122946,0.973005419838206,0.950897370770228,0.961581399150052,0.979325049859629,0.965284387038299,0.961205017758388,0.991240019613524,0.955726236608548,1.00247324011711,0.984887177954927,0.984443451050517,1.00651306684035,0.995803154960563,1.01984096228667,0.988626573876404,0.933343387121102,0.972731043063529,0.964963158686172,0.981767925603771,1.01399642644432,0.951587250162128,0.975931821721364,0.97057501423468,0.978720156982453,0.982470289631621,0.921687375267665,0.917556583820231,0.947069540146279,0.95786646052759,0.946720016847428,0.939902930515455,0.970646809247558,1.00002935189294,0.999216273843144,1.01127102730672,0.995179925099848,0.946622080305739,0.963308278677967,0.975172715783633,0.997094738366707,0.964268024215744,0.954622840622408,0.925409698684431,1.01254061876489,0.957362288135593,1.00546486254241,0.994094500304089,0.973693901054982,0.998943351922512,0.990512811804969,1.00022791112635,1.00770982096658,0.950972549206781,0.98375023014172,1.00561809439293,0.921052324971751,0.976190066874114,0.972553893328383,0.997206563738856,1.01426452934115,1.00796894219419,1.01194998939865,1.000004288698,0.991845811712381,0.944834227541616,0.990313966915941,1.00016386726752,0.989006128456785,0.97904601213006
0.825964997561187,0.814958008713634,0.797283578954743,0.791259364348865,0.811206016617515,0.778010164320971,0.888801113930606,0.894663924205772,0.861614309214618,0.85205911152254,0.872243662762037,0.807250241752801,0.778002965808371,0.701913880415196,0.814769828738008,0.816201078367577,0,0.498663241455122,0.396989651928506,0.848497721036501,0.912164576979004,0.928137870822027,0.906191924028679,0.929348628821824,0.924111327559936,0.898406657172833,0.985883194751567,0.95416937917974,0.999890562508708,0.942678573269243,0.966258816718929,0.961654360503135,1.00522168666462,1.00634335238798,1.0058987344747,0.979234851497266,0.957447174306371,0.954127665381156,0.988115616945087,0.96809782697962,0.939183934636023,0.964473568268489,0.94369302662323,0.930131948226034,0.994594940999695,1.00812318634115,0.999837793998383,0.98161047645584,0.991684415868785,0.986224929105014,0.954513908679139,0.9834097983685,1.01596328039319,0.996908510269259,1.01075839614963,1.01783140822955,1.0196855471269,0.978312570781431,0.97909745608921,0.981208341031945,1.02005394609372,0.992514679618674,0.998812909898691,0.957339642522186,0.935077927952104,0.95037758356501,0.906552001557894,0.961200641140597,0.931280542273137,0.94398837877099,0.967282598342702,1.01412127822516,0.974214214214215,1.00357559549561,0.98548519882019,0.9606411051349,0.995509666257172,1.00001503307276,0.991475636161383,0.963251228488244,0.970758394847981,1.02442900550718,0.938229344950988,0.99727722875014,0.982642667424532,1.00323469589152,1.02155884862397,0.989542805418367,0.968290440279322,0.973282657556527,0.955408153384332,0.994214344967353,0.947105752885112,0.925652310594155,0.977022856453202,1.01624831523821,1.01857621638008,1.00998247184827,0.977920717965068,1.01790815224435,1.01329238281545,0.95776445068266,0.965037775452838,0.944985538491905,0.993844755181411,0.984051001006603,1.00610547088257
0.901564160467592,0.880199517232404,0.87605522247399,0.838358287676397,0.880537408026396,0.847246599931654,0.885983394155306,0.91550322519994,0.880620536319246,0.865322168587222,0.907743974713556,0.828761050147336,0.817035550429923,0.813057737777441,0.89102335931605,0.897017313152807,0.498663241455122,0,0.223143927936058,0.898243106582247,0.910201897156893,0.933169228356735,0.953276206202488,0.968908849782884,0.958200614588639,0.973454989885369,0.96891249224608,0.930842275998175,0.961053848711474,0.970107102709638,0.976306207079474,1.01369529218254,0.992711723785822,0.992782368225379,0.993955884462805,0.92318965320592,0.918743268837972,0.920255561984169,0.938755375285896,0.949173618033045,0.928502515844629,0.947426570016184,0.924685571644282,0.927933119023072,0.986804029219171,0.983349869620931,0.976560880521683,0.955785816281147,0.956654351748434,0.983087308552691,0.960996764252956,0.938919280503897,0.984426191066417,0.978186091842003,0.992005813953492,1.02006191304561,0.966835033412262,0.978147535656959,0.963410575042021,0.980743221485157,0.957579191142125,0.983852066243231,0.980155960593781,0.997205146533241,0.985611643841953,1.01349120595474,0.975596242574403,1.00712658932868,0.998781756675505,1.00228848747438,1.02634091767439,0.992193346542228,0.977095144355066,0.977638785930845,1.02160175415015,0.985277972476874,0.991205571825206,0.968925114620479,0.980091078016101,0.949072226793287,0.968499685383149,1.0095280224134,0.978822164200755,1.01075015939711,0.999917599775474,1.0135466851449,0.993196255253286,1.00335955611791,0.983874550393005,1.03194719791398,0.994990105222763,1.01979009162898,0.951816714668303,0.957630980256508,0.985929606313644,1.02452857386657,1.03547199069587,1.02687117007573,0.969242545281134,0.999026290165533,1.01820360107222,0.964935309900415,0.99149328377378,0.960182326385722,0.993244767637667,0.99022947062081,1.02063793923154
0.889835354725787,0.869108606557382,0.860136923992029,0.827504291585027,0.86930773638017,0.840082194493962,0.913741870583415,0.942290274201589,0.901101554499059,0.890184443868729,0.919110354155191,0.862019136757888,0.832717695401294,0.774762374211791,0.868323220986921,0.863755018905033,0.396989651928506,0.223143927936058,0,0.902411775545934,0.912854315148587,0.941746735146837,0.934910711207449,0.930656539497927,0.935526201021487,0.948727889344747,0.972243714787007,0.917217423739089,0.967360664818125,0.969105140622734,0.978865035989058,0.990050948592032,0.989380395752161,0.99579061107401,0.995822362647009,0.958095048973334,0.943315628847618,0.951450511945396,0.965701433792524,0.961430182504473,0.944473441399904,0.965743233076424,0.935047705271958,0.935961179218241,0.983181454380108,0.993655193375372,0.983730837221437,0.97714274236878,0.980563949787053,0.978849226259641,0.957031925230886,0.952582258860003,0.983033906946458,0.96630008133244,1.00639541035257,1.05057948970629,0.968028273198,0.976413811854272,0.972715181728419,0.967767641059614,0.964614679904009,0.962943343506502,0.971070350046418,0.98758199485042,0.98035519208594,1.01003098121629,0.987969557513891,1.0043039952861,0.990976150389421,0.990457099991393,1.02807216676422,1.00184966051262,0.991822550492598,0.994996768961214,1.01908243020926,0.992885704014673,1.01294705919947,0.94944493439162,0.986935550031385,0.962902277408507,0.966975436035108,0.996297993870246,0.944735311227459,1.00243662789851,0.998689328598005,0.998742844220729,1.00627528135776,1.00211076555319,0.993285107844056,1.02641752883533,0.999577714221985,1.01204863447972,0.96499948073935,0.941807738814996,0.975636138868862,1.02108861607401,1.02759391099922,1.02630522529504,0.975492090933718,0.974526145404951,1.01604119920019,0.983871829105474,0.99650402338688,0.959057400447962,0.982569210487773,0.9836174281861,1.02330627756404
0.874426716620378,0.858257115000701,0.835091518792795,0.83123848611338,0.857228416566017,0.844821990933146,0.894409953368511,0.934156141562079,0.881656716934663,0.896121800635382,0.92446745393812,0.855618409427317,0.872813399189629,0.874613495930354,0.853364994787446,0.855666115818716,0.848497721036501,0.898243106582247,0.902411775545934,0,0.873423659901483,0.863191214867646,0.952492447541029,0.95982852696544,0.958398327019662,0.951521889618428,1.00705414632782,0.953657796215725,0.98587689208624,0.967552362099747,0.953663876082394,0.971491990736661,0.957546209073784,0.972058642375925,0.96533993090789,0.944122004213855,0.931736813247784,0.938505603696905,0.943375798061979,0.92338681178882,0.929478016380752,0.956931027218522,0.946639962500534,0.948119540050977,0.983957223591634,0.967599180698885,0.991778072135896,0.959310861916965,0.969647073902992,0.964017441284314,0.962671483669385,0.948560288527147,0.963459223912142,0.972027812346583,0.967524693205631,1.01934588357769,0.962255661650756,0.948966695132367,0.982680603857098,0.97144427236849,0.970737736654525,0.971545764392913,0.970868405556136,0.958575103533404,0.955466548217132,0.97021480555662,0.965913561032343,0.956110587901388,0.95235254215125,0.934808496160204,0.955105656295515,0.974225751559843,0.987852692469165,0.974984117675809,0.987071898145104,0.970111957487948,0.973535948615972,0.983689861486766,0.972980876219555,0.962668949058227,0.960408776726729,0.992788974984502,0.968151885084917,0.965060084522075,1.02037011788898,0.966884362567172,1.01788067005458,1.00285774935823,1.02327253886812,0.980533003762301,0.965870031741857,0.953615885086822,0.990489704263459,0.963457652659339,1.01651381421959,1.00936306820796,1.02060211658962,1.00143823114897,0.97577461959524,0.995449347183839,0.976652044714873,0.974378175982884,1.00150526843954,0.991980600181875,0.991286034254134,0.981494532475507,1.01579226404666
