"V1","V2","V3","V4","V5","V6","V7","V8","V9","V10","V11","V12","V13","V14","V15","V16","V17","V18","V19","V20","V21","V22","V23","V24","V25","V26","V27","V28","V29","V30","V31","V32","V33","V34","V35","V36","V37","V38","V39","V40","V41","V42","V43","V44","V45","V46","V47","V48","V49","V50","V51","V52","V53","V54","V55","V56","V57","V58","V59","V60","V61","V62","V63","V64","V65","V66","V67","V68","V69","V70","V71","V72","V73","V74","V75","V76","V77","V78","V79","V80","V81","V82","V83","V84","V85","V86","V87","V88","V89","V90","V91","V92","V93","V94","V95","V96","V97","V98","V99","V100","V101","V102","V103","V104","V105","V106","V107"
1,0.14825949717152,0.232281513658539,0.371100114836019,0.303655461278225,0.44430675832056,0.949816986073828,1.11914936907546,1.18670665588318,1.14631647016307,1.12076244051838,0.986789757687472,0.941850632814369,0.928555518950887,1.06541780415711,1.0655113462758,1.00655907825649,1.25823284943509,1.12764369888388,1.08148865312399,1.32370622009847,1.32139714371987,1.19699239719912,1.47662013815929,1.41254706621362,1.27608940555704,1.63437120651507,1.94086880061217,1.61371625581189,1.79803942234551,1.95836626325657,1.72902866660089,1.99270130141718,2.12880723273614,1.95613897839528,1.75321104395213,1.89559371259883,1.89545170581446,1.84988917819662,2.10263993777026,1.89435730812484,1.79290375753113,1.82898830282276,1.81484499344269,1.99568627260664,1.98065138138052,2.10415704144812,2.19340099546173,2.06400863001992,2.21397858824065,1.55954274169292,1.66986139958543,1.94629996517243,1.71023502206131,1.73155067977394,1.83953304232932,2.09900202499693,2.24625990977818,2.21168840381445,2.17284613973082,1.97483137221778,2.13567589793137,2.12115442111188,1.91224960132825,1.88698018359302,1.94183370953396,1.74916071710821,1.81607800399554,1.74020828540963,1.86696678631545,2.01964709915214,1.69836945990701,1.76435402214118,1.80887725257802,1.92971283428831,1.88313758616043,1.76434492369075,2.07626451788561,2.0936436941404,1.89347792376361,2.02079925999925,2.13144619622946,1.74522750819656,1.97036636789757,1.87474037732892,1.6939906675966,2.18794352213456,1.9571753784892,1.7423435696184,1.95352901021628,1.77340621458683,1.76353268259461,2.02042511756669,2.14242900588878,1.71935701570924,1.90969323885644,1.82868839947296,2.05158558811384,1.9914540610399,1.97646379972847,1.72999189403772,1.71398370283327,2.13166560786241,1.89104675753503,2.12045671238079,2.18069658629844,1.60087846042716
0.14825949717152,1,0.24450859844494,0.395309192222246,0.25988107702006,0.448230526926472,0.90291969209448,1.08757177576663,1.16760831656416,1.11922395492764,1.06928684890034,0.954270503345049,0.935994496358656,0.894177860893645,1.09800635566185,1.08214654523911,1.02228022031079,1.22414009560377,1.12255795352138,1.11773780039993,1.40968489445316,1.38451001112973,1.2233593321209,1.42346156959428,1.39910204283963,1.36172501153889,1.60446540089293,1.89394077097619,1.72797156652455,1.94102748004536,1.97238234235532,1.78898279985408,1.85638145890988,2.1312761885557,1.97654055872836,1.71197476787256,1.88149470358898,1.90320373618069,1.91186228303653,2.0761429899542,1.96624519393881,1.79025175102699,1.87287770666913,1.90142714057001,2.05929736649084,2.06923690920702,2.04564860097063,2.06548021509324,1.93569677574825,2.11034721213268,1.63239475376038,1.72760117961827,1.95234422714295,1.67655562981813,1.69919248656202,1.82269234523405,2.13464840612928,2.27259103886224,2.16170500551552,2.20389063356488,2.05881116085374,2.15287559030412,2.15647921919668,2.02192247265194,1.90139511229766,1.92924872216153,1.90709922892365,2.03316627499412,1.99106490650223,2.05208710110941,2.02858403763284,1.72594940964986,1.6923932571624,1.83360600839596,1.95731885427253,1.88997693921625,1.67599575490018,2.13570942047047,2.06042359996081,1.93032020137173,1.97070030336974,2.1363996010116,1.80102934932877,1.96884870011348,1.91104704168417,1.76944666097936,2.16546582739666,1.93351797523535,1.76441813091506,2.07256152241163,1.87707823116384,1.93483793607195,2.06696951737429,2.12164449914119,1.70740296041477,1.93328321084139,1.80004297161822,2.11677305082857,1.97591320266119,2.09065863159899,1.87243635818916,1.79342664843133,2.21204018057934,1.87625874803416,2.09994612825206,2.14072802779493,1.74348285090509
0.232281513658539,0.24450859844494,1,0.353376085650606,0.308572965300688,0.409860071932944,0.949336431340309,1.12406939752161,1.16373821746792,1.14382964332818,1.08015119465063,1.07403860850857,0.928910268097729,0.90548985071056,1.07296140373052,1.0694744390032,0.946776648655802,1.228644618081,1.15562586464312,1.02989254251984,1.32191429074946,1.37144234220003,1.13501816641364,1.38019694129126,1.42410386994863,1.25614824300123,1.70781768459051,2.00727949133685,1.76558222218986,1.94607471862945,2.08380342864922,1.81823352055251,2.01383707348197,2.16584041077625,1.86366729916444,1.72584321980444,1.81699517424818,1.83071263378621,2.00045377492082,2.02256578309043,1.90953877818888,1.74813915335485,1.84632205402292,1.70683442961708,2.00255040247419,2.06021793137081,2.1061089722556,2.0332799947541,1.99992413162869,2.00632742128689,1.65893424015588,1.77663427078501,2.02211277354237,1.73454872694112,1.68595246500169,1.97497080029973,2.14677304090681,2.27732704600101,2.21904627922379,2.1555932071321,1.99304890067582,2.09952829975935,2.13502261865874,2.0753944501852,1.8893368956031,1.92686202249675,1.86075887570043,1.8501914073094,1.86436229534879,1.96701851845192,2.10140646659622,1.81483064572815,1.77676567795585,1.8243995920916,2.04021404807031,1.85729848692205,1.84313794355772,2.26569567043641,2.00887921884673,1.91907638325268,1.86304881822801,2.06694748133995,1.70498874343855,2.04603380203438,1.79921126580394,1.66727165524424,2.16158413436851,1.90304093726877,1.85286275470236,2.07072739488816,1.8625845054616,1.77356165491776,2.05449199120493,2.14670292677243,1.77066386205017,1.81302134676701,1.81950085170131,2.09823319915121,1.91495559851922,2.04900526531835,1.7859246947664,1.7427832474123,2.1210030939373,1.92388706663015,1.91070014119236,2.12113215694314,1.70105822374694
0.371100114836019,0.395309192222246,0.353376085650606,1,0.31672526925788,0.470464614060534,1.04295903886946,1.26887409977311,1.25118724242842,1.20277147795038,1.19284098089218,1.16529780533808,1.07180996951111,1.00250109538724,1.17703071192948,1.18623757483568,1.04984941517895,1.25285389520898,1.16294031826086,1.09387347164844,1.36913677687416,1.34473330102476,1.26379464695864,1.62997862860097,1.58280969063284,1.30169772338476,1.55319242823604,1.93839550721491,1.94430650733023,1.82048461208052,1.98398990645299,1.8422507081762,1.86863934223618,2.08569927506225,1.81999908183536,1.77992479844598,1.82763480236383,1.85142551637883,2.03572089660034,2.05302898917805,1.85280134931684,1.78910675376655,1.83579212597469,1.81776535658444,1.95966866143799,2.0820312167518,2.16942371038199,2.20819896070972,2.10364801745292,2.14447158946563,1.70424841068646,1.79747510292252,1.91079714721258,1.9710153097735,1.75753830721672,2.19002889809385,2.08441983042907,2.3814444280244,2.22371806441746,2.12926599015932,2.10216843895935,2.01360540717213,2.15105736581189,2.19890236444124,2.03586445329972,2.02817768871995,1.84727280462213,1.69443749976983,1.74045672984785,1.94431110488979,2.05300976802949,1.78344522785346,1.815873107913,1.84851125366955,1.980527879302,1.86715463585535,1.77817760410312,2.25434656507925,2.04568609801721,1.78226663309072,1.81458855908535,2.13265699682969,1.92285060762698,2.02001897131368,1.97599653269498,1.95410112769658,2.178930299153,1.96525318338462,1.58414671238968,2.04013331557116,2.05308794264349,1.90618359724419,2.11447404658193,2.12324448700689,1.87152808477875,1.8300775473778,1.84599704616993,2.06409280727122,2.09296913409372,2.06779051524666,1.95330934506906,1.91150839334243,2.38972638984189,1.95861616392423,2.15902181955224,2.09319740070023,1.85149196674823
0.303655461278225,0.25988107702006,0.308572965300688,0.31672526925788,1,0.4044155548846,0.916753970152941,1.03557995086384,1.11166087048776,1.0974533749357,0.965881671116474,0.912903457129825,0.892729660519518,0.847860293086719,1.06995419850363,1.08559146638361,0.957882060673504,1.21116978558413,1.14490349359721,1.12745535000892,1.27310686013412,1.23341127042475,1.15578746288026,1.48455352579001,1.40699559063319,1.30058622866799,1.65188133349724,1.9652856048581,1.70733760782494,1.83168428368918,1.87703814836688,1.86779803150588,1.84429045250076,2.02585284581758,1.92740677647497,1.7412750160656,1.73611116481879,1.74947453956075,1.85861148038676,2.04264871731329,1.75827086181233,1.7796428129456,1.80588279955709,1.80256533217758,2.02528972049715,2.0099907144242,2.00480234073442,2.12268420118465,2.05432442168863,2.09811978434448,1.60828649947483,1.70990222095213,1.83384594551179,1.84924127965383,1.71650595306238,1.90548362047352,1.9913727262408,2.26814220859853,2.05841303543407,2.19663153901936,2.00097012907595,2.10888526904538,1.98418624020443,1.95182546618862,1.85806815553223,1.85559851532759,1.86423512357768,1.72919058285001,1.72190435982698,1.9841936244796,2.1145585139984,1.76765231394782,1.94460454907082,1.92532956373392,1.86576137294274,1.73692699907412,1.79202575884763,2.25856855720375,1.96734031491476,1.81778332483462,1.84938345616381,2.05077146110763,1.70983538873661,2.00512148870775,1.85608467259621,1.89325643252918,2.06925989893961,1.97814584806629,1.75554526000974,1.96052649769191,1.91478873100806,1.84330410220165,2.05714664898119,2.0432770267965,1.81084975399118,1.7968411809581,1.96481188091121,1.99109848321746,1.99559406582677,2.08790142518507,1.77762707627264,1.8069762515395,2.29404089534726,1.84608512476345,2.00772105949451,1.98197129748879,1.73451206929723
0.44430675832056,0.448230526926472,0.409860071932944,0.470464614060534,0.4044155548846,1,1.01229969445155,1.1228783984533,1.14892019381711,1.1034741793873,1.07295523380093,1.00880247023052,0.949602503505798,0.900655314116638,0.920696753290555,1.00948961795187,0.941227039088673,1.12131044828358,1.04802047895932,1.15340410349059,1.13456132495948,1.35883081622517,1.20542547654034,1.39750689235581,1.36453134286382,1.19361987734764,1.75526598708739,2.08523092387262,1.65456415185809,1.94545255655533,1.82668079377344,1.64423840559651,1.8748608474569,2.05205340648117,1.87931163200366,1.74975630572442,1.7394104506403,1.80755850711708,1.87817224560287,1.99239321514004,1.77280031603503,1.76459904015319,1.75443683104882,1.70968234913281,1.88156346277861,1.98684766267614,1.96160415518295,1.98966317554465,1.92949480694331,1.96300293444036,1.73396337010842,1.64386013480575,1.87792475872328,1.73255100501374,1.72202149865366,1.71066350371182,2.13320929586162,2.28142568728264,2.04510252547527,2.18503321479562,2.01612290167732,2.02642469727779,2.14925679035004,2.09340413076065,1.99765405221361,1.93037899256328,1.81890099142016,1.68378707749094,1.71622754810546,1.94682644780758,2.06177768973657,1.77278186563173,1.78429185471372,1.97388791547989,1.99653970910049,1.84042753583883,1.78613416021883,2.06419305075009,2.02414913028377,1.85065680327618,1.85761861429672,2.02127996870768,1.64371883304136,2.00164795290176,1.9639200275649,1.71232176748402,1.96896690519632,1.98723794804976,1.99505473930259,2.05462294331803,2.00881529454258,1.86261823297336,2.23312704786048,2.13280941086236,1.73110853484865,1.88335499128434,2.0443836243869,2.16277347846861,2.00201368673214,2.16270561122238,1.83174079310674,1.90965145481181,2.28573767642286,1.89151962541932,2.21884899767462,2.19279209345807,1.83705419776537
0.949816986073828,0.90291969209448,0.949336431340309,1.04295903886946,0.916753970152941,1.01229969445155,1,0.567237082073528,0.483617553282267,0.475264492834945,0.608361906069513,0.597696616815534,0.999600006344711,1.14344171170167,1.08554414922015,1.13146710616127,1.24162841814803,1.26547157455447,1.32122060874803,1.33189581477511,1.39198938351821,1.27403389395851,1.50104152724549,1.52105660554081,1.64596223247708,1.47181096796198,1.76183720253527,2.00189196265858,1.70140181383951,1.78006896900572,1.8370882095611,1.72689919115681,1.89151921298154,1.92851295064534,1.98357865707979,1.92350588987428,2.02519764416323,1.93879580404291,1.83014414670982,1.91997765752553,2.02154917396404,2.01756393290715,1.87351636278524,1.99144510247826,2.08885365383824,2.04269416473539,1.96604338848546,1.91632372228731,2.17678957935673,2.06531846192096,1.7144450316431,1.75892568100936,1.87404496942089,1.6872637210172,1.6461696658433,1.75218273563507,2.16550378105355,2.08549307681161,2.00324999546586,1.89323529364791,1.81566620600683,2.05634244594524,1.9670172360573,1.97786430399436,1.85020284369973,1.95546022898865,1.95568245533793,2.26153908920695,2.24184183780492,2.08691296815003,2.35273526066332,1.87178834483128,1.99146892504357,2.11619267842148,1.90362364782987,1.91709553086976,1.92140467213977,2.22995480936435,1.96737872950661,1.62841472210524,1.9164509678976,1.91793190186851,1.71689052586698,2.01238953760441,2.08849857429771,1.86146103065228,1.85486095589722,2.05355395021596,2.01037346770295,1.73748098216912,1.8106380939682,1.5848807350412,1.82117018246742,1.91392751226635,1.64966247368988,1.94909234852722,2.12539664075695,2.21683369678247,1.95404993646129,2.29802160715587,1.75810921315054,1.91720838944735,1.70381659583238,2.07833744376002,2.11444170844698,1.92358557144378,2.05926255866556
1.11914936907546,1.08757177576663,1.12406939752161,1.26887409977311,1.03557995086384,1.1228783984533,0.567237082073528,1,0.332172704686138,0.435165380520364,0.496594916245894,0.465905023733119,1.19540031033513,1.23553729076251,1.04848348186582,1.11864884237153,1.19857422796481,1.2914620509759,1.40281902322939,1.36472374966404,1.42828602106171,1.35872952761919,1.60927508164114,1.81967021608069,1.70856568733495,1.48505994383742,1.77212138682981,1.96876191323891,1.81258046744695,1.79553635117257,1.860624554908,1.53774301322039,1.81826125089946,1.83045462518768,2.04157693288391,2.03978189876954,1.82670471987832,1.80057974788343,1.91840129800261,1.86607045469057,2.04102481209487,1.69736276131961,1.80762759861248,1.72083161193439,1.7817321435589,2.0933778184223,1.69778348928667,1.74123356127858,1.85156401730174,1.78342072710815,1.59402802332205,1.70542865478018,1.73236141985805,1.73447057384025,1.84437517720859,1.64690300699416,2.11604003898642,2.21319630351238,2.09587773821395,1.96939820615796,2.01269346206038,2.00988096705609,2.00089139807249,2.01027347263973,1.85555192467372,1.96648409504696,1.99100530528736,2.15836868120805,2.10967259611596,2.09745499638917,2.32228747647445,2.06818476781956,1.81741121350931,2.13730572111415,1.9497407212839,1.98546536364482,1.94963724726575,2.28205375492405,2.02065122295576,1.80753611366718,1.98648745792086,1.91612463456385,1.9599246769111,1.99524474451256,2.27637556773319,1.80600228276671,1.85543587498418,2.09270383641014,2.12429938277624,1.83431290415967,1.69095517140128,1.59537854468463,1.80121373762938,1.77721995174871,1.93117559589955,1.93524531752029,2.0794761504974,2.08534851936616,1.89232880418066,2.00472551111231,1.90401794298594,2.0087322027356,1.76539352274622,1.85005600446629,2.08326428144314,1.81694814574655,2.10850521373748
1.18670665588318,1.16760831656416,1.16373821746792,1.25118724242842,1.11166087048776,1.14892019381711,0.483617553282267,0.332172704686138,1,0.224503323521986,0.39944659082752,0.409681302052798,1.06465779163772,1.15693670584138,1.08210293734126,1.14554140430516,1.11644502859416,1.22598318661573,1.34360350406781,1.20761402434704,1.30552982590526,1.19208865050498,1.69336462002717,1.80526106251565,1.65525942185967,1.52965593238067,1.64931022186826,1.88821491233724,1.68055648315406,1.72112519893049,1.73772195722947,1.60611022232869,1.88067530267182,1.89179643100999,1.82051685019499,2.11154703344939,1.8518412999773,1.83998371769352,1.87831967079458,2.00013203422725,1.97167222115332,1.78456910410483,1.78500793821384,1.75997777396278,1.87047050383272,2.03356076204535,1.85825178047786,1.87623634289025,2.07626531551789,1.94642841782032,1.75560398056417,1.70771506028426,1.8380897601932,1.70522473507082,1.93911574994438,1.94903165323252,2.0022973800825,2.00727729253344,1.93815514776851,1.8808436939918,1.78274728077194,1.86890392277205,2.01072818376251,1.98111705842431,1.81038229889584,1.81187596618365,1.83054549938484,1.97191579423504,1.72519954008733,1.95959708632137,2.25289832651686,1.93412224407988,2.04920676871831,2.03750594498498,1.88803052862993,1.8670113501332,1.81911920723988,2.48860317666658,1.87710119243676,1.79979796804463,1.8470925498621,1.85525063766992,1.7589200260041,1.93340630296904,2.26290087906879,1.86628745880361,1.79218069005419,2.02412743928112,1.89521241043338,1.81004150745178,1.71664945952099,1.76033328394351,1.91687632563091,1.71694470686665,1.81628504748954,2.06944987884315,1.96194462223865,2.31995398860647,1.88557370269632,2.21747519675883,1.92331185439766,2.16000260310413,1.76804003608272,1.88012563403232,2.21961846264257,1.82380817799497,2.09498187237836
1.14631647016307,1.11922395492764,1.14382964332818,1.20277147795038,1.0974533749357,1.1034741793873,0.475264492834945,0.435165380520364,0.224503323521986,1,0.296263591649369,0.389629434027597,1.12081766390838,1.20261905097993,0.994333941758098,1.05082595325834,1.11726292457973,1.17774773454966,1.31599510481815,1.22496958242677,1.27629331884715,1.15161517779563,1.72104701496973,1.81248155661848,1.61917987936973,1.42449053195679,1.62066152711262,1.86652188971166,1.77245102930262,1.84893382798878,1.91271799018588,1.69304836120705,1.96975795900699,1.96275456437513,1.97561533668359,2.03205537057766,1.83399943091687,1.77459166004282,1.84197564865557,1.79855217035374,2.01219593959512,1.82039365977021,1.81076696655933,1.77549623741461,1.8625347266676,1.94383113863262,1.97666376568939,1.92091919515521,2.08160933071029,2.00384869912183,1.72172590809939,1.76832195144903,2.02260300486783,1.79084252361544,1.81207841078078,1.93166947852482,2.0063355075952,2.04019560639263,1.92171986319904,1.83166538932837,1.87151074689519,1.95364281965096,1.84979315338306,2.21150558871298,2.00978301835214,2.01555472430224,1.97024808212338,2.25051005500488,2.05719089200947,2.01518831729807,2.27631938636896,2.08890537876773,1.89919216411537,2.092118486984,1.97241556511037,1.80806648127754,1.99235016924571,2.35282357698566,2.17693207367328,1.87883131978608,2.01567223102816,1.84729513166824,1.57362021488489,2.12577556356507,2.26027854565397,1.76686002725804,1.82820150044836,2.11655164669014,1.97712574166058,1.82090362679474,1.72526665370464,1.68972415346023,2.04975070561351,1.80490765232541,1.77622686988954,1.89698268790632,1.96785172368134,2.21187461465728,1.92819378399751,2.270985046617,1.85500147520907,2.01553570101479,1.74187425560917,1.93811750229407,2.19119109536649,1.90914894806926,2.14606217284046
1.12076244051838,1.06928684890034,1.08015119465063,1.19284098089218,0.965881671116474,1.07295523380093,0.608361906069513,0.496594916245894,0.39944659082752,0.296263591649369,1,0.430036383647278,1.09067764880732,1.15261319844054,1.13743654379291,1.17715704085469,1.23029480397383,1.27636435989103,1.37734856770091,1.21234420812313,1.24442102294752,1.25452157265031,1.74620401606566,1.78221238634455,1.66923544800807,1.40496100256863,1.80512908852344,1.9715191293022,1.77155598784547,1.74165569198927,1.9496360283466,1.64828797871985,1.85025172117956,1.91422047449098,2.0368198311032,1.9141797289539,1.73535339644823,1.64513061055954,1.77349928299994,1.6885778167223,1.84986924986281,1.7401162324922,1.81106225312836,1.71568263226128,1.8612425091009,1.98491797738655,2.00962905774832,1.89448402093043,2.03566841167221,1.88775902486598,1.67488561399892,1.77694607177898,1.82287649936965,1.71652037201859,1.81229757533751,1.82001139036755,1.95254098337167,2.15599605304876,2.14736713934602,2.02450774116633,1.88872474846795,2.00901029267416,2.00195598394432,2.08631755186927,1.93628891863617,1.99096344078928,1.88647635909949,2.03310770126191,1.98767735871613,1.8600918085922,2.19359291713858,1.95508571391024,2.02124642434773,2.09051152021544,1.99324492820847,2.01408335246973,1.75666553674985,2.16466676185744,2.05332048391033,1.76020461195843,1.8958553949389,1.88891591102124,1.65226603090021,2.09823203061092,2.09368856400513,1.86050627372356,1.80687439258156,2.09623244954624,1.88920550086629,1.78516691003508,1.78368222049415,1.62939937554941,1.88572870359149,1.82390887534835,1.90662198962741,1.9541602501973,1.87956442183102,2.41981073718956,1.78467431113254,2.10664401051685,1.77654795020165,2.18698870739043,1.75188660717704,2.11659714583989,1.94339851269882,1.90320772838856,2.14931461705899
0.986789757687472,0.954270503345049,1.07403860850857,1.16529780533808,0.912903457129825,1.00880247023052,0.597696616815534,0.465905023733119,0.409681302052798,0.389629434027597,0.430036383647278,1,1.02417570188082,1.06684931478957,1.05143479173908,1.10945101685862,1.00612636261046,1.01420582011275,1.1653093017474,1.22959703064418,1.25464646105088,1.10582759012763,1.55219781773676,1.7670084207798,1.66572886558892,1.43845759971681,1.79242858412058,2.01319309935913,1.80836954127346,1.7681838003146,1.93663282447367,1.78423982022779,1.77712436407004,2.13074571279028,1.98196722130017,1.92956517250812,1.79652607678734,1.77344154207454,1.87231588792025,1.96994009136852,1.81107954552137,1.75745807301352,1.63170519448265,1.65970722838569,1.82743930161891,2.09500294060473,1.92554489576959,1.99087853102811,2.02417017541029,2.07852017082124,1.86662905953025,1.8977688327761,1.76858463151876,1.73710571851903,1.93795344797714,1.7661848519116,1.96208788020427,2.09918796338273,2.0849981357208,2.11258930923935,1.99534147968266,1.84851805424638,2.00119544389002,2.22963653845575,1.93095632383247,1.99724709587006,1.85481437376653,1.97364842774702,1.95975124630562,2.07434528427594,2.34170591081551,1.87348426500075,1.9547902452877,1.9717141985664,1.83483463153981,1.88947472585834,1.70251654773101,2.30192407031725,1.97367024371216,1.8511205354074,1.92011672926833,2.00310582576207,1.82808015273202,2.05488948578885,1.9964423288824,1.96165932240386,1.66151582069558,2.08495036036572,1.8682564254881,1.82759667565629,1.80426137750897,1.77611793322929,1.96773074960836,1.86023536015499,1.73015824326441,2.06291219728788,1.90529900748415,2.27909547266914,1.7928446122957,2.12337630312239,1.91944488990312,2.1430173660432,1.92651830995693,1.80175957833054,2.1145986119895,2.00004172258668,2.27417329393108
0.941850632814369,0.935994496358656,0.928910268097729,1.07180996951111,0.892729660519518,0.949602503505798,0.999600006344711,1.19540031033513,1.06465779163772,1.12081766390838,1.09067764880732,1.02417570188082,1,0.329449035663393,0.971907120089906,1.04317991092247,0.992599047362094,1.11313765661921,1.18730800022929,1.15480281942166,1.2457249097707,1.22458176313996,1.53554253124305,1.50851101979431,1.39304436593859,1.31545730011634,1.84642755457659,2.01391452699512,1.55358965653012,1.54791933514802,1.77964840723635,1.63726685350935,1.91794084958415,2.12969856185274,1.83013919389196,1.80572248189956,1.68283007674191,1.6785782560969,1.53488433594895,1.65441400762089,1.57423250344463,1.64473238773541,1.64975455329939,1.57438690454957,1.92007071433075,2.01249932383565,1.92559489864107,1.90365554389767,1.86560791877828,1.8941662007472,1.72151870776655,1.66725211516833,1.95096082509911,1.5039320713823,1.68897569388295,1.71754541303213,1.97678627594361,2.12201716141999,2.11862613146355,1.98159212699643,1.97221859950649,2.01040819892365,1.92153903513438,2.02926963174394,1.85476789672569,1.94649732209914,1.96108372671748,2.08732129500124,2.03302189875255,1.98729078875361,2.24079508380121,1.83608070871736,1.94864692627161,1.94592228227432,1.89924950585818,2.02438991630206,1.62386013570977,2.19363237581482,1.86485456412664,1.64275569073879,1.83062005412441,2.05638559831479,1.89046864186992,2.01144140879691,1.83543261726888,2.10970192889857,1.72998265993984,1.9638600884969,1.85687420850485,2.24849796393486,1.88389585807436,2.0921592639259,2.00550927605858,1.85382228249225,1.66818935739547,1.94654130638069,1.92769272236323,1.88376972297318,2.12116915892443,1.90806840782465,2.13261791164037,1.74163230701742,1.9089459134602,2.00084131953464,2.03476429330073,2.05308721729875,2.01117915403346
0.928555518950887,0.894177860893645,0.90548985071056,1.00250109538724,0.847860293086719,0.900655314116638,1.14344171170167,1.23553729076251,1.15693670584138,1.20261905097993,1.15261319844054,1.06684931478957,0.329449035663393,1,0.902883239287766,0.922171233517173,0.904244885842744,1.10285302607956,1.06892171281392,1.15125161091572,1.25235239257459,1.23807623351869,1.41348901260973,1.45800596934657,1.26829551235812,1.32485477975161,1.83509171041859,2.0486438413418,1.52925972127427,1.4420097670196,1.6150855830595,1.78335088552153,2.01978327220425,2.25197773599683,1.88694142518018,1.80799294151704,1.6456263594952,1.72142774442627,1.6185843304516,1.65952414845749,1.52485246707151,1.58546118774867,1.58525670587158,1.61621858348678,1.93467581197756,1.98762623511623,1.9266576757059,1.93594350243927,1.90125031670853,1.90510765083558,1.77139148271776,1.65256384253602,1.91129971114969,1.77428975010204,1.88600658572877,1.86357240942201,2.14089306976995,2.09698460641997,2.21441109334594,2.07157558867784,2.06993499928779,2.09372613373927,2.05105321560857,2.32076814524429,2.122700030677,2.12346786129732,1.95433490327188,2.08510928905886,2.05880236585216,2.15029485004025,2.08464700819018,1.83661943084459,1.93402909644277,1.89012429060819,1.91480877093487,1.97131877860437,1.75911284996263,2.11177845101835,2.00597982149316,1.77780994233206,1.83765353796906,2.11712707288838,1.79503106661938,1.95759803562009,1.8918442594743,2.13672318290672,1.72093416623087,1.96235621962278,1.98854664000206,2.16745603367313,1.82894480309861,2.0174661524455,2.06635424650905,1.80399844237527,1.79218100941057,1.96042154142195,2.03865266524121,1.93240689386346,1.94352682915729,1.93466164639374,2.23835122002038,1.81168875698196,2.1346225354132,1.9306195192886,2.05789675993594,2.22145391783536,2.11471992888082
1.06541780415711,1.09800635566185,1.07296140373052,1.17703071192948,1.06995419850363,0.920696753290555,1.08554414922015,1.04848348186582,1.08210293734126,0.994333941758098,1.13743654379291,1.05143479173908,0.971907120089906,0.902883239287766,1,0.210139681926838,1.06982420087508,1.3152789803786,1.29825976338401,1.20510943737761,1.26986663621058,1.45014973489854,1.56019247785209,1.54069688090874,1.50891022666195,1.38329675504766,1.88578221030103,2.06672671582632,1.77084499081938,1.71598313087406,1.93689542755615,1.89620450540444,1.89730330592899,2.23539879908953,2.03473699375166,1.85106315992441,1.77547039858912,1.79956019668063,1.67708932016382,1.54424897341708,1.65767618456609,1.76340138947366,1.7517862377719,1.76913059455376,1.90563632298815,1.94644059684159,1.8513139250022,1.93746472573457,1.90190386398056,2.0403316074734,1.96118087716242,1.9491092581479,1.64103464529428,1.76603545987337,1.84725388634037,1.70311399562245,2.15566302052888,2.32924985446311,2.08911868872785,1.9739518310244,2.13517749894612,2.04006069821801,2.08729931009403,2.04083406536625,1.81200330099154,1.83395967460757,1.90508154402563,1.87102492136273,1.88687210958036,2.09051345703961,2.21525689674165,2.11369427236756,2.1486352961377,2.27387479587367,1.95656312850272,1.96747681590475,1.86522071844962,2.08219591762164,1.79611567857389,1.74420010900707,1.77863945727972,2.01577633609896,1.96100430512624,2.13910351331388,2.07656923204785,1.90313301914966,1.91194388460637,1.86963730223017,1.89727130776806,2.21733815423245,1.92673977018562,1.95092254049077,1.97217689068563,1.84070454152737,1.68875090928465,1.81895805219656,2.26804516734296,2.28770154088981,2.14074633618939,2.18527636114795,1.9176324131801,1.99408083026691,1.9701078878654,1.97445275597724,2.03638776109735,1.97352199816414,2.01294381609782
1.0655113462758,1.08214654523911,1.0694744390032,1.18623757483568,1.08559146638361,1.00948961795187,1.13146710616127,1.11864884237153,1.14554140430516,1.05082595325834,1.17715704085469,1.10945101685862,1.04317991092247,0.922171233517173,0.210139681926838,1,1.10635736281698,1.40656425427595,1.32992186699903,1.21560249707189,1.28486027190489,1.4398363169947,1.50022841769215,1.53876866608947,1.48680651253297,1.39267326876059,1.92046420051235,2.02329424462397,1.72011321192967,1.68299408143294,1.92286547076996,1.91784114216605,1.83623630390534,2.21524398441421,1.89901744867101,1.80260648381081,1.78989984241284,1.82129382811906,1.71877082611295,1.60957248709369,1.69741128314701,1.83421690625885,1.7119295750866,1.70272018837739,1.8846951172642,1.81064447684011,1.89829066727118,1.99484814667694,1.91182340961433,2.10648959345182,1.99195228710203,1.94781332441961,1.63537055198327,1.73552532599166,1.87674502122585,1.6661966190334,2.00559119544974,2.34861235718914,2.08020571793438,2.0025099930276,2.09760065214213,2.00680876913677,2.10832361452477,1.94873105484035,1.7249730623204,1.79964574030675,1.81788913704944,1.84713347575402,1.81922590675354,1.96489648602822,2.14435428732732,2.16088894851927,2.15231280754296,2.24249391378459,1.94007873678681,1.90279471851682,1.84948653609295,2.10695417114253,1.88843063063204,1.70656155957682,1.6657382294001,1.95967503672633,1.95052028746546,2.10804572634342,2.1574762553308,1.85466030861188,2.05428837473744,1.85951617457698,1.92118254695044,2.16322575071274,1.90357759424778,1.90034717515453,1.90414703262222,1.82964885025086,1.71399443720868,1.83129392558703,2.192252156404,2.30953173732273,2.1185942391488,2.20370031148575,1.98316362717378,2.12710835472322,2.0414546323062,1.94644392518534,2.11461121042624,2.0425796983772,2.00835232148647
1.00655907825649,1.02228022031079,0.946776648655802,1.04984941517895,0.957882060673504,0.941227039088673,1.24162841814803,1.19857422796481,1.11644502859416,1.11726292457973,1.23029480397383,1.00612636261046,0.992599047362094,0.904244885842744,1.06982420087508,1.10635736281698,1,0.507230014748046,0.372388379750763,1.20929017575372,1.24785127749929,1.20371607001648,1.27800487491657,1.49604863630478,1.42138564806395,1.30651186202541,1.80010054926434,2.05242146816231,1.84514457023255,1.6994587630331,1.89132271923847,1.78904181412394,2.0221696909033,2.24992477485985,2.01142240718449,1.82343992845915,1.68729443438507,1.6263980398765,1.76950377375461,1.59053697676413,1.57184931007641,1.57377571198319,1.55735653766697,1.47599844827825,1.82103556359874,2.06174420022707,1.95540175645022,1.84953208472698,1.92339263282545,1.81211860826014,1.71711728609402,1.80779540833345,1.97030789500473,1.93739068634086,2.00283587473856,2.0458778329001,2.111282836995,2.16341017240475,2.13376062102406,1.99453780854155,2.04271446960857,2.0109345319812,2.07053741093645,2.12775692420839,1.82178403267095,1.88706669807717,1.76645067886996,1.8540381438739,1.84933469852073,1.96871839198463,2.17385045012248,1.97400988809285,1.91948176125207,1.93512787640756,1.93557385648595,1.97592872827257,1.86001984419568,2.26879386963877,1.82271387995433,1.76447725477265,1.69412269796658,2.15917761563923,1.91607940078051,1.91635059564195,2.2257598286717,1.97641220489721,2.26139521006955,1.84358761506214,1.54421826759935,1.83460029610336,1.80917477604107,1.90422749730041,1.77270188992728,1.73224613288688,2.0981578155761,2.08565239141539,2.28994568439697,1.8893084397843,1.69384799121855,2.10838248265077,2.01648873679809,1.8009797617674,1.96977115632806,1.76678173275709,2.03478141887183,2.05671464755605,2.17597246745384
1.25823284943509,1.22414009560377,1.228644618081,1.25285389520898,1.21116978558413,1.12131044828358,1.26547157455447,1.2914620509759,1.22598318661573,1.17774773454966,1.27636435989103,1.01420582011275,1.11313765661921,1.10285302607956,1.3152789803786,1.40656425427595,0.507230014748046,1,0.277665258045944,1.31928419290657,1.30419734660953,1.2815155139739,1.49892331805886,1.83414060756419,1.60280752640347,1.55101149258933,1.6474097854566,1.83595270179931,1.58875193526741,1.71938548894757,1.92762227999143,1.90245592569505,1.93845150026659,2.08413469055632,1.93700189357879,1.51830477276643,1.48293168932815,1.49837383929934,1.46434971462431,1.54058472832622,1.53115686597398,1.42305629245964,1.50795375374966,1.42237636412352,1.826070553926,1.9245285065727,1.82040892314046,1.69591256502148,1.76265181694305,1.74281134725566,1.44558926988721,1.50498066954921,1.74867663229945,1.87058471009949,1.88933874370828,1.92576267149702,1.96301139680612,1.90904039444989,1.92615300591546,1.88316747952065,1.88755856784196,1.83988528850207,1.92821375419958,2.17861759084707,1.9611367628821,1.98762436018196,1.76215802577674,2.13652577596208,1.93978650867731,2.15760298343953,2.32997399523793,2.04310829639629,1.82212433704901,1.85118973598704,2.1065391508451,1.91018312784918,1.62014419573329,2.01190232110424,1.90086799425274,1.77496472801101,1.66254023184999,1.92171094763586,1.97039587591741,1.89290829671351,2.11551263906901,2.02553776141493,1.98493753449666,1.84952640779213,1.57828356227409,1.98667569887742,1.9464153347984,1.99315594095786,1.81273556855169,1.90243493617061,2.03676474877323,2.16647849047682,2.3730299174293,1.86146794699877,1.77572383294592,2.04700934884626,2.10806707970385,1.88829293021862,2.19431310597992,1.81965872992463,1.96437918965143,1.93162166861362,2.04571574053531
1.12764369888388,1.12255795352138,1.15562586464312,1.16294031826086,1.14490349359721,1.04802047895932,1.32122060874803,1.40281902322939,1.34360350406781,1.31599510481815,1.37734856770091,1.1653093017474,1.18730800022929,1.06892171281392,1.29825976338401,1.32992186699903,0.372388379750763,0.277665258045944,1,1.34154191187587,1.30789297542757,1.2898292498804,1.42555327027973,1.74476291530167,1.58553503051626,1.47830065486233,1.69442026872182,1.89117048214772,1.75539046634424,1.70099012394957,2.05880755070509,1.96803083589139,1.99291464330444,2.10332367012933,1.96678379002949,1.71733969850627,1.72629212237134,1.72254421956997,1.76128604339542,1.7493488958769,1.74888942711114,1.65166711846799,1.64526163877296,1.56808332193145,1.94016868800727,1.97834775130621,1.98997742832987,1.81757173752642,1.96404313293719,1.83293751893637,1.62465480740684,1.67628494034798,1.97330451843812,1.95522997721437,2.03525601250723,2.33394698161593,2.06161585218182,2.05750720963352,2.07399122822067,1.96580674752506,1.95317801970232,1.86332632724571,2.03040815505073,2.46500368366075,2.16633186131993,2.17564366319776,1.93977529795659,2.20944993967453,2.08797758739149,2.31407342131581,2.33018571657692,2.13002410944094,2.02117573759505,2.12460886139251,2.15334005400471,1.98344030593951,1.76340252420921,1.99331783741657,1.85305331208317,1.8251126487489,1.77582638928299,2.12918908396095,1.90001857496595,1.80284096281716,2.16534774337283,1.99018454081514,2.17643770916511,1.92869603333234,1.58386624624749,1.92126681304176,1.941062222209,1.99602136369724,1.79276920908236,1.87294526983051,2.01778992291206,2.26850016043382,2.1977714253075,2.07763502383463,1.78344082344844,2.0752391024336,2.15104093813003,1.92301366386606,2.15539346928399,1.82663573200155,2.04351379440579,2.05266998956797,2.19654856097995
1.08148865312399,1.11773780039993,1.02989254251984,1.09387347164844,1.12745535000892,1.15340410349059,1.33189581477511,1.36472374966404,1.20761402434704,1.22496958242677,1.21234420812313,1.22959703064418,1.15480281942166,1.15125161091572,1.20510943737761,1.21560249707189,1.20929017575372,1.31928419290657,1.34154191187587,1,1.15581905281357,1.13239238312278,1.54537024273429,1.71158499812909,1.55506288451667,1.55617101016541,2.12911091792516,2.08869213439524,1.81830536527957,1.70381518337743,1.81278565561235,1.84614521341886,2.03075715166043,2.11836505645564,1.82114158864414,1.90306375461651,1.75747586577359,1.74689551567527,1.74395697426622,1.69441808890779,1.78728072481567,1.64035230835346,1.60540965428532,1.64954311870516,1.70183160427843,1.89318342619063,1.97991818568078,1.86323480816956,1.99690071626661,1.96288771768941,1.74523406262726,1.83841126508992,1.95803597729391,1.9541896670315,1.86129098150673,2.04510790062267,2.0933553527548,2.06076822067918,2.19193980667656,2.13226552726526,2.0971154387412,1.96452919641868,2.1448296032928,1.86982991141418,1.86252462325162,1.81602645875431,1.8373991500118,2.08182415232728,2.03756579489809,1.87569987226278,1.97711898978842,1.95543586211115,2.13330030903318,2.02807471461236,1.85314334811795,1.95367848684859,1.84107492258073,2.03080047356552,1.95670007377229,1.7868499080696,1.72420909721181,2.02013662092134,2.279150373778,2.05767726291622,2.41158533407848,1.90338224743386,1.76458335812638,2.08787723488137,1.88289414926432,1.9447235294709,1.76559689087728,1.83644150026662,2.13430072366241,1.9674317815161,2.30520098304867,2.15417325124571,2.17555721646212,2.12156165427853,1.96372174831507,2.07144360699179,1.92634227388938,2.06153161378047,2.17177679984442,1.95267385505664,2.1640091325867,2.04784165576225,2.11608220188867
1.32370622009847,1.40968489445316,1.32191429074946,1.36913677687416,1.27310686013412,1.13456132495948,1.39198938351821,1.42828602106171,1.30552982590526,1.27629331884715,1.24442102294752,1.25464646105088,1.2457249097707,1.25235239257459,1.26986663621058,1.28486027190489,1.24785127749929,1.30419734660953,1.30789297542757,1.15581905281357,1,0.844996104578746,1.51558960763033,1.46202977922122,1.45478666306733,1.52033859813275,2.04662453186038,2.0935296863344,1.84529877519506,1.84052119042931,1.97190074763205,1.8582165494707,2.24525512207435,2.26143409379163,2.04780794683809,2.02176391945226,1.73443306399788,1.74832921403953,2.08348442908025,2.00977873658844,2.0814035712189,1.7276837441015,1.80985617325223,1.84306179168369,1.8520220110745,2.01145240696517,2.02866751708691,1.91227677183564,1.80328338758844,2.03956834311872,2.00108524890789,1.86127007735476,1.81062159845086,1.65698669193557,2.05035480014229,2.10789151413797,2.39145435164686,2.02503893265593,2.15238413197398,2.14873524442132,2.22677477553635,2.04295050390978,2.13211212349594,2.14200562890753,1.98882640942394,1.85122641339943,1.8021657276,1.77768690373051,1.76324172958169,1.81277297675148,1.9804833453773,2.2323878749982,2.05774232586908,2.20119516287768,2.08498469602261,2.28432790624755,2.03220341393604,2.00859679009874,1.87130485931199,1.64735039319525,1.68109594437931,1.99665734288118,2.11910264418516,2.17381578667775,2.0354870090938,1.95765403031004,1.68230511464145,2.18825936725852,2.0306971864554,1.88379232761762,1.84559457504529,1.87044565417435,2.06096112708327,1.95532538342124,2.11896543841361,2.05262341708915,2.21276493112108,2.20083422927597,1.90829209574458,2.25007905847186,1.92441609047346,1.76820280937797,2.23540490133358,2.11491845551245,2.20235856640645,2.08684325415887,1.79642969402791
